50
998244353
1000000009
1000000009
1000000009
1000000007
1000000007
1000000007
1000000003
1000000003
1000000003
998244353
1000000009
1000000009
1000000009
1000000007
1000000007
1000000007
1000000003
1000000003
1000000003
998244353
1000000009
1000000009
1000000009
1000000007
1000000007
1000000007
1000000003
1000000003
1000000003
998244353
1000000009
1000000009
1000000009
1000000007
1000000007
1000000007
1000000003
1000000003
1000000003
998244353
1000000009
1000000009
1000000009
1000000007
1000000007
1000000007
1000000003
1000000003
1000000003
