1015087 1
1671993 1
2158097 1
2353125 1
3205052 1
3940000 1
4515192 1
4537046 1
5415933 1
7901706 1
8766936 1
10220647 1
11344110 1
11391143 1
13090248 1
14111735 1
14395625 1
14499436 1
16835552 1
16866833 1
19136878 1
19657875 1
19772310 1
21009307 1
21462506 1
21659253 1
21884981 1
25709913 1
26827889 1
27170015 1
27485196 1
27999073 1
28069111 1
28990667 1
29109075 1
30277969 1
30991929 1
31625080 1
33028023 1
35467640 1
35528975 1
38136462 1
38456113 1
38628119 1
39564366 1
40619956 1
40843705 1
42689911 1
44727121 1
44862177 1
45614807 1
47638276 1
54246755 1
56392533 1
56476948 1
57707012 1
57735069 1
58179796 1
60025947 1
60685132 1
61436433 1
61460238 1
61631007 1
63068134 1
65267523 1
66868227 1
67304733 1
69207474 1
71576655 1
72563374 1
72762999 1
73044608 1
73440326 1
73641983 1
74584670 1
75168153 1
76598593 1
76656884 1
77460808 1
78056706 1
79689542 1
81183524 1
81217408 1
82105046 1
82987114 1
83296113 1
84154142 1
84554982 1
84564826 1
84692169 1
85921696 1
87323204 1
87417032 1
88393903 1
89479612 1
91635999 1
92074638 1
94806390 1
94923539 1
96095491 1
97252708 1
98674507 1
101226455 1
104951214 1
105987978 1
106110058 1
109448182 1
110334408 1
110831102 1
113680847 1
113786389 1
114241064 1
114330757 1
114713405 1
116529695 1
118590211 1
118863566 1
120745321 1
121682845 1
121850101 1
126257950 1
126446727 1
127331312 1
129110577 1
129433908 1
131874098 1
131954711 1
133268763 1
133711180 1
134291530 1
135383174 1
136319500 1
137035227 1
139213316 1
139749674 1
140664920 1
141258187 1
141539769 1
142481086 1
143466821 1
144507404 1
145115105 1
145248871 1
145520362 1
147299471 1
147466728 1
147840909 1
149732569 1
150600846 1
153471892 1
153871771 1
153982370 1
154641500 1
156302549 1
158212041 1
158639832 1
159092966 1
159407549 1
160444597 1
162461931 1
162490769 1
163206994 1
164507420 1
165288001 1
165657464 1
165714441 1
167260659 1
168010624 1
169437459 1
171588778 1
172061670 1
172187164 1
174045170 1
176243812 1
177138576 1
177289781 1
178854340 1
179620939 1
182535233 1
187479291 1
187897017 1
190212259 1
191114365 1
191511755 1
191601825 1
193174881 1
194141769 1
194338841 1
194941093 1
195327967 1
195353929 1
195874567 1
196776294 1
197288356 1
198836426 1
199567951 1
200560406 1
200843094 1
200976096 1
201701404 1
201974799 1
204161212 1
204695612 1
205187000 1
205697968 1
211717439 1
212444215 1
212518934 1
214660811 1
214698514 1
215035923 1
217197916 1
217364913 1
219443348 1
220479896 1
220493769 1
221706214 1
221947847 1
223363234 1
223447922 1
224667232 1
224804647 1
225533297 1
225651827 1
228840378 1
230085171 1
231057592 1
231355271 1
232393122 1
233828371 1
235363692 1
236362705 1
236720945 1
236899121 1
238899813 1
239970773 1
240565412 1
241805853 1
241829349 1
242256986 1
242905975 1
243754741 1
246221378 1
246772176 1
247457596 1
249600684 1
251815641 1
251961562 1
252327736 1
255850994 1
256865573 1
257871329 1
259325460 1
259946858 1
260241077 1
260563176 1
261099628 1
261575214 1
262471088 1
262897510 1
263549410 1
264319219 1
267966900 1
268064221 1
269697670 1
270726618 1
271970176 1
272785349 1
273619640 1
274094156 1
274247266 1
274363440 1
277481587 1
279550352 1
282744999 1
284941933 1
286227786 1
286601105 1
286747563 1
286897792 1
288084512 1
290652561 1
292683345 1
293585828 1
293610229 1
294630433 1
295186768 1
295624970 1
296342141 1
301212496 1
302302154 1
302858731 1
303665814 1
305735370 1
305760199 1
306037156 1
306083770 1
306145062 1
308301498 1
309892463 1
312493762 1
312882632 1
314226859 1
315951193 1
316542476 1
316807654 1
317588478 1
324925313 1
325645434 1
326918907 1
328422494 1
329805367 1
330863475 1
332406760 1
333082862 1
333607785 1
334542415 1
336129139 1
336302066 1
336634728 1
337126417 1
337208275 1
337608480 1
338341867 1
339490850 1
342375604 1
342530532 1
342624208 1
343710281 1
343876941 1
344681280 1
345933558 1
346404268 1
346626847 1
350560982 1
355480862 1
356261440 1
357597750 1
358960196 1
362153687 1
363609677 1
364724543 1
365209800 1
365783083 1
366348827 1
368327446 1
370201469 1
370502071 1
372808501 1
374498784 1
374833568 1
375745898 1
375775034 1
376370292 1
376797980 1
377218607 1
377744860 1
377773427 1
380939425 1
382333964 1
384289246 1
386039371 1
389413981 1
389987041 1
390159114 1
391204842 1
391717387 1
392209851 1
394975845 1
396173422 1
396468966 1
399069455 1
400341232 1
401069347 1
403741859 1
403753323 1
404228311 1
404889142 1
410717926 1
410757583 1
413241068 1
414585717 1
414768876 1
415466687 1
416381208 1
417649926 1
417778114 1
417791111 1
418744547 1
419002116 1
420987209 1
424351081 1
424488253 1
426309265 1
427511248 1
427542210 1
428554975 1
429018141 1
429356877 1
430087701 1
431030005 1
431586320 1
431808520 1
433798678 1
434015575 1
434541766 1
435210383 1
435343614 1
436317279 1
438061748 1
439558761 1
440403800 1
444914312 1
445354538 1
445654311 1
446357297 1
447067187 1
447149050 1
449054506 1
449484618 1
449829613 1
452107107 1
453092892 1
453307089 1
453494048 1
455245926 1
455498301 1
458432279 1
459981683 1
463955523 1
465433290 1
466566802 1
468529693 1
469718016 1
471901310 1
473011552 1
473851355 1
477625935 1
477703607 1
479447851 1
479925400 1
481954133 1
483130452 1
483853692 1
484188914 1
485892905 1
486927802 1
487984397 1
488060606 1
489745543 1
490721069 1
491264264 1
493473221 1
497306139 1
498060547 1
499618464 1
503027768 1
503963038 1
504206357 1
507212971 1
507391562 1
508251001 1
508409479 1
509034475 1
509047128 1
510731630 1
510762545 1
514205078 1
514479429 1
517193201 1
518398630 1
518603616 1
519387073 1
519895362 1
520189934 1
520769737 1
521769757 1
522121408 1
524136123 1
524397963 1
524711033 1
525340217 1
525800785 1
528256961 1
528861824 1
528947688 1
529685646 1
531568203 1
533506634 1
534176107 1
534897430 1
535401347 1
535404577 1
536325671 1
536517151 1
542007243 1
542440176 1
543058897 1
544249231 1
547402125 1
548156170 1
548409752 1
548710424 1
549821164 1
553205395 1
556222463 1
556360675 1
556456292 1
556556263 1
558961852 1
559502916 1
560613580 1
561103343 1
565000256 1
566345706 1
567191694 1
568251514 1
571745788 1
575090376 1
575203446 1
576598823 1
582600763 1
583652143 1
584169529 1
584572569 1
585384732 1
586278668 1
589859591 1
590195265 1
593495220 1
593850085 1
594947914 1
594982716 1
595491003 1
596112410 1
596692316 1
596861585 1
599072005 1
599912549 1
600766049 1
600833460 1
601407357 1
602485298 1
602697802 1
603906066 1
604801636 1
605104200 1
606470211 1
609711249 1
610248912 1
610863425 1
611818268 1
612071739 1
613555709 1
613561926 1
613786476 1
615091770 1
615996741 1
617122455 1
617442642 1
617745103 1
617895512 1
619302175 1
621328720 1
621782939 1
622056721 1
622843870 1
624197806 1
624906036 1
626524307 1
626840213 1
628759542 1
628818874 1
629105082 1
629553306 1
629766641 1
631427919 1
631470961 1
631497706 1
634340654 1
634469285 1
634985706 1
635925790 1
636384495 1
636560286 1
637536021 1
637809389 1
638862589 1
642322519 1
642844773 1
646184152 1
646908455 1
648461489 1
656045414 1
657164952 1
657294327 1
658866489 1
661044236 1
661641003 1
663732641 1
667418262 1
669470831 1
669564582 1
670015240 1
673823555 1
677206053 1
680619699 1
681457286 1
681640377 1
683784909 1
687155449 1
691394626 1
692029399 1
694685518 1
697363552 1
700299022 1
700413550 1
701407061 1
703135824 1
704808455 1
707085798 1
713369889 1
714142814 1
716573502 1
719958798 1
721019644 1
730977487 1
733243650 1
735159574 1
737859566 1
741335709 1
741513448 1
742106980 1
742779736 1
744526716 1
747807193 1
751167298 1
752782257 1
753403202 1
753821748 1
763425672 1
763721676 1
766882853 1
767847502 1
769102723 1
769801598 1
770376790 1
774412510 1
774426856 1
780639307 1
781498749 1
782055721 1
782057049 1
784246029 1
786145059 1
792848026 1
796969375 1
799215756 1
800714389 1
804216170 1
808271933 1
812679483 1
813651667 1
813775342 1
813927531 1
819076974 1
819095420 1
822452954 1
823411194 1
826525932 1
828912968 1
830264626 1
830435119 1
830889458 1
834619988 1
835252075 1
837194012 1
838831209 1
841530027 1
843122520 1
843281543 1
845662811 1
846444342 1
847058194 1
854522153 1
854926513 1
856336026 1
858778953 1
860776436 1
862186985 1
864953687 1
865340429 1
865364301 1
868450209 1
871663803 1
874647205 1
874846936 1
879651595 1
880938817 1
882652299 1
885771022 1
887280036 1
887496130 1
888108084 1
888558143 1
892102602 1
894663237 1
895629641 1
896621397 1
898015184 1
900885469 1
901551155 1
902505738 1
904115588 1
906632527 1
907363970 1
913309751 1
914754198 1
916062788 1
917818085 1
920352474 1
921136437 1
924967086 1
926027747 1
927606703 1
928727002 1
930300101 1
930548222 1
933849785 1
934574788 1
934762730 1
935370521 1
936202910 1
937747602 1
937777293 1
939019664 1
941404144 1
941860898 1
945580988 1
947841167 1
948186090 1
949297112 1
951196074 1
951629563 1
952729726 1
954070393 1
954560131 1
955051388 1
959268888 1
960976353 1
962689664 1
965544472 1
967852302 1
969673979 1
972068938 1
972122163 1
972374976 1
974812484 1
975255604 1
979457045 1
979966546 1
985886716 1
986331788 1
988107885 1
989758484 1
999888844 1
1006323689 1
1008410521 1
1018317500 1
1024207387 1
1024240682 1
1028150114 1
1033458070 1
1042332785 1
1043114305 1
1045503651 1
1047515633 1
1049520984 1
1049738872 1
1053812637 1
1056471495 1
1056727708 1
1056966513 1
1061017395 1
1062289604 1
1066040076 1
1071714474 1
1072338937 1
1072354781 1
1072630063 1
1073022242 1
1076260723 1
1080170853 1
1080799835 1
1083404061 1
1084655156 1
1085623374 1
1085844105 1
1087759878 1
1088472996 1
1090021271 1
1090304588 1
1093883463 1
1103076125 1
1117721541 1
1119063086 1
1122552485 1
1122681872 1
1122738671 1
1125348036 1
1125356960 1
1129208755 1
1131503054 1
1132046934 1
1133261650 1
1133713533 1
1134672148 1
1137392488 1
1138602067 1
1138905689 1
1141589918 1
1151616114 1
1153485843 1
1157235132 1
1164507298 1
1164768288 1
1170124288 1
1173237423 1
1174187982 1
1179229234 1
1179647852 1
1179936691 1
1181793339 1
1182377204 1
1184867618 1
1184975543 1
1187778941 1
1187968598 1
1188539888 1
1191237941 1
1192259336 1
1194124849 1
1194521646 1
1196316128 1
1199965317 1
1202210756 1
1203611684 1
1204323254 1
1204714566 1
1206464139 1
1213232447 1
1213564304 1
1214849572 1
1215236298 1
1215859547 1
1216021046 1
1216437499 1
1221051473 1
1221097498 1
1223176818 1
1223250096 1
1226172570 1
1228063941 1
1229057854 1
1229148329 1
1229407230 1
1230619527 1
1231525356 1
1233829567 1
1234317635 1
1237767614 1
1237951046 1
1238562414 1
1241169211 1
1241697624 1
1246315480 1
1246399951 1
1247438408 1
1251071767 1
1251388523 1
1252303366 1
1254580829 1
1255638483 1
1256298903 1
1257812819 1
1259838703 1
1260928564 1
1263025934 1
1263272781 1
1266908839 1
1267049928 1
1270059350 1
1272711741 1
1278169882 1
1278556531 1
1279128028 1
1279332022 1
1279469378 1
1280459918 1
1281042687 1
1281235778 1
1281644081 1
1282441830 1
1283653985 1
1284829092 1
1286388421 1
1286681150 1
1288444342 1
1288711720 1
1288741546 1
1288889109 1
1289684968 1
1290220340 1
1293367584 1
1297030711 1
1300607474 1
1303019321 1
1303693266 1
1307153385 1
1308061054 1
1308357396 1
1316801027 1
1322789852 1
1322830144 1
1331134253 1
1334470814 1
1337288477 1
1337874745 1
1338375845 1
1339272998 1
1340803219 1
1342692285 1
1342877047 1
1345778515 1
1346833067 1
1346863147 1
1347116364 1
1348779134 1
1351638911 1
1351737435 1
1354440759 1
1354447135 1
1357848467 1
1358943340 1
1361903248 1
1366247783 1
1366718884 1
1369499316 1
1371769228 1
1377988613 1
1378819111 1
1379416371 1
1381423175 1
1383991764 1
1385012079 1
1385929558 1
1386927669 1
1389729324 1
1393433229 1
1395433233 1
1398331468 1
1405942826 1
1411706048 1
1415681252 1
1418551286 1
1418746874 1
1422774459 1
1427873974 1
1430732398 1
1431761933 1
1433341713 1
1433802412 1
1434592438 1
1434729370 1
1441354735 1
1443558399 1
1447283007 1
1448823930 1
1450808219 1
1454158783 1
1455943085 1
1458840865 1
1459679501 1
1459901601 1
1460614148 1
1461135282 1
1462687207 1
1468382142 1
1476702991 1
1477228079 1
1480893863 1
1483214590 1
1483830202 1
1488362932 1
1489957204 1
1490756319 1
1491762049 1
1493970065 1
1495171197 1
1498844118 1
