1000
629553306
246221378
624197806
547402125
615996741
243754741
236899121
533506634
7901706
663732641
120745321
312493762
548156170
1151616114
1188539888
642322519
1297030711
536325671
1354440759
894663237
774426856
1237767614
187479291
337126417
1164768288
164507420
1184975543
110831102
101226455
139213316
149732569
83296113
1237951046
126446727
1483214590
1206464139
370201469
1072630063
239970773
1230619527
236362705
1213232447
895629641
137035227
217364913
584169529
131874098
14395625
473011552
838831209
261575214
1247438408
576598823
449054506
84564826
1093883463
613561926
622056721
1204714566
67304733
113786389
1354447135
150600846
1351737435
1480893863
986331788
410717926
1203611684
558961852
3205052
286747563
147840909
1216437499
1182377204
1137392488
1433802412
1119063086
621782939
800714389
92074638
1460614148
1062289604
692029399
1389729324
11344110
129110577
336129139
624906036
751167298
40843705
44727121
864953687
747807193
195327967
69207474
81217408
534176107
479925400
1284829092
445654311
483130452
71576655
593495220
199567951
606470211
1083404061
985886716
225533297
205187000
286601105
1170124288
1018317500
701407061
362153687
260563176
65267523
491264264
596692316
42689911
594947914
637536021
87417032
1459901601
737859566
282744999
29109075
819076974
169437459
509034475
603906066
615091770
344681280
27999073
561103343
544249231
634469285
144507404
882652299
212518934
1202210756
521769757
735159574
73044608
1223176818
449829613
333607785
1288444342
293610229
930300101
1331134253
888558143
920352474
1418551286
200976096
158212041
1053812637
230085171
329805367
1223250096
91635999
286227786
338341867
436317279
314226859
251961562
333082862
301212496
396468966
568251514
1366247783
951196074
1090021271
601407357
1024240682
165714441
403753323
1357848467
1454158783
697363552
140664920
637809389
85921696
1061017395
556360675
286897792
571745788
962689664
1369499316
901551155
38456113
813651667
1187778941
376797980
602485298
854522153
628759542
288084512
508251001
377744860
856336026
374498784
681457286
446357297
328422494
205697968
612071739
84692169
916062788
1418746874
782055721
1056727708
556556263
220493769
617745103
465433290
507391562
542007243
780639307
1229407230
1443558399
819095420
543058897
483853692
548409752
498060547
1338375845
529685646
786145059
346626847
259946858
142481086
73641983
941404144
1441354735
1254580829
499618464
1405942826
1339272998
1415681252
677206053
621328720
324925313
586278668
194338841
295186768
404228311
54246755
837194012
1184867618
1283653985
133268763
503963038
1179229234
617122455
404889142
177289781
455498301
934574788
315951193
154641500
1194521646
458432279
1080799835
635925790
1252303366
187897017
488060606
510762545
27170015
403741859
1187968598
1015087
81183524
274247266
195353929
376370292
30991929
249600684
1213564304
1215859547
885771022
1346833067
1072338937
565000256
463955523
1477228079
94806390
271970176
264319219
410757583
1279128028
1458840865
221706214
212444215
1447283007
826525932
400341232
435343614
1337288477
427511248
191601825
377773427
1281042687
272785349
4537046
828912968
1671993
35528975
431030005
1215236298
1251388523
1316801027
414585717
176243812
1234317635
231057592
153471892
681640377
503027768
417791111
444914312
1134672148
1229148329
19136878
1347116364
528947688
845662811
247457596
316807654
35467640
27485196
508409479
413241068
661044236
133711180
417778114
1489957204
135383174
453307089
420987209
703135824
204695612
1090304588
1117721541
380939425
177138576
1348779134
1386927669
858778953
1204323254
1157235132
1303693266
191511755
238899813
1322830144
38628119
767847502
21009307
1138602067
1084655156
56476948
518603616
945580988
469718016
1179647852
431808520
887496130
522121408
567191694
1340803219
295624970
622843870
898015184
1385929558
240565412
631470961
63068134
941860898
518398630
274363440
646184152
1028150114
78056706
190212259
1267049928
753403202
228840378
534897430
774412510
719958798
972068938
830889458
1238562414
417649926
1300607474
270726618
201974799
40619956
792848026
121682845
1381423175
1088472996
744526716
131954711
326918907
337608480
763425672
389987041
1279469378
634340654
16866833
1278169882
162490769
94923539
1468382142
782057049
200843094
1049738872
669470831
975255604
269697670
141539769
306145062
860776436
1411706048
959268888
1131503054
113680847
999888844
424351081
235363692
233828371
865340429
332406760
365783083
1192259336
670015240
1129208755
934762730
449484618
263549410
951629563
1080170853
1278556531
399069455
401069347
560613580
599912549
1450808219
582600763
75168153
1073022242
76656884
1233829567
433798678
1488362932
45614807
917818085
954560131
1045503651
694685518
542440176
1279332022
60025947
874846936
145115105
604801636
44862177
626840213
39564366
1346863147
242905975
343710281
279550352
21462506
742779736
680619699
1434592438
1342692285
631427919
517193201
770376790
1056966513
593850085
504206357
843281543
1434729370
549821164
261099628
241805853
947841167
308301498
784246029
79689542
368327446
159092966
224804647
325645434
1056471495
204161212
365209800
255850994
447067187
61436433
535401347
468529693
804216170
1216021046
1255638483
646908455
1199965317
1125348036
769801598
109448182
1071714474
626524307
952729726
358960196
528861824
566345706
600766049
1476702991
874647205
1385012079
56392533
595491003
896621397
1133713533
921136437
453092892
1337874745
638862589
61460238
284941933
700299022
596861585
105987978
4515192
312882632
714142814
3940000
865364301
339490850
126257950
974812484
763721676
752782257
427542210
1122681872
1281644081
346404268
223447922
610863425
1221051473
960976353
19772310
316542476
357597750
1153485843
590195265
163206994
343876941
1229057854
224667232
628818874
429356877
174045170
87323204
1286388421
486927802
153982370
642844773
704808455
493473221
769102723
179620939
609711249
21884981
1459679501
232393122
656045414
306083770
1308357396
1266908839
879651595
121850101
1286681150
548710424
479447851
292683345
1138905689
1495171197
636560286
220479896
1072354781
617895512
2353125
1246399951
57735069
1288741546
1085844105
211717439
431586320
290652561
57707012
553205395
1322789852
667418262
575090376
634985706
252327736
583652143
293585828
60685132
350560982
1173237423
182535233
989758484
221947847
14499436
1282441830
713369889
862186985
419002116
933849785
434541766
389413981
936202910
1033458070
447149050
77460808
619302175
658866489
509047128
262471088
716573502
414768876
937777293
1383991764
342375604
72762999
136319500
926027747
366348827
1049520984
629105082
892102602
584572569
118863566
466566802
599072005
753821748
1179936691
813775342
525340217
613786476
600833460
914754198
902505738
134291530
1361903248
979966546
106110058
520769737
841530027
1221097498
589859591
1256298903
11391143
473851355
98674507
84154142
1462687207
377218607
1303019321
364724543
1006323689
47638276
949297112
477703607
514205078
900885469
1231525356
194141769
214660811
256865573
160444597
168010624
524136123
415466687
302302154
386039371
1395433233
1260928564
259325460
89479612
334542415
201701404
1345778515
345933558
28069111
796969375
430087701
1490756319
1174187982
1085623374
355480862
33028023
1133261650
657294327
510731630
147466728
58179796
242256986
1194124849
1125356960
1351638911
707085798
1293367584
375775034
1122552485
948186090
114330757
370502071
61631007
1226172570
459981683
396173422
1427873974
305760199
742106980
1455943085
455245926
524711033
799215756
129433908
110334408
507212971
162461931
596112410
1164507298
25709913
96095491
575203446
267966900
1290220340
200560406
972122163
497306139
846444342
700413550
972374976
294630433
167260659
1342877047
356261440
1393433229
302858731
104951214
673823555
1461135282
847058194
629766641
416381208
1371769228
781498749
1398331468
834619988
1288711720
913309751
1430732398
305735370
939019664
26827889
880938817
559502916
669564582
434015575
31625080
519387073
1280459918
84554982
1491762049
927606703
251815641
687155449
636384495
145248871
342530532
741335709
171588778
303665814
88393903
153871771
72563374
812679483
935370521
823411194
147299471
76598593
236720945
930548222
382333964
528256961
309892463
1263272781
1087759878
979457045
197288356
471901310
1498844118
830264626
556456292
843122520
257871329
808271933
30277969
246772176
306037156
372808501
988107885
477625935
28990667
429018141
631497706
954070393
1241697624
66868227
277481587
741513448
143466821
1366718884
172061670
525800785
394975845
481954133
1141589918
835252075
813927531
691394626
1307153385
165288001
21659253
363609677
1008410521
1132046934
524397963
391204842
1378819111
830435119
116529695
219443348
1308061054
145520362
648461489
439558761
452107107
390159114
1358943340
82105046
484188914
854926513
1448823930
8766936
733243650
1196316128
490721069
374833568
531568203
657164952
418744547
1191237941
822452954
440403800
907363970
330863475
924967086
1431761933
74584670
156302549
114713405
191114365
375745898
1422774459
336634728
1024207387
1214849572
141258187
766882853
426309265
223363234
1251071767
1281235778
172187164
1259838703
514479429
721019644
1103076125
241829349
605104200
260241077
13090248
296342141
435210383
453494048
556222463
118590211
730977487
487984397
193174881
887280036
602697802
384289246
1263025934
1377988613
73440326
139749674
445354538
214698514
906632527
871663803
438061748
10220647
5415933
610248912
1270059350
519895362
683784909
225651827
114241064
1288889109
485892905
127331312
937747602
273619640
1433341713
1493970065
392209851
16835552
1334470814
585384732
904115588
1289684968
969673979
19657875
520189934
1043114305
159407549
965544472
1257812819
1066040076
337208275
195874567
1076260723
342624208
158639832
198836426
215035923
194941093
424488253
1181793339
1483830202
262897510
661641003
274094156
536517151
594982716
268064221
928727002
611818268
955051388
14111735
868450209
97252708
336302066
888108084
617442642
1379416371
1047515633
82987114
489745543
613555709
1272711741
38136462
1042332785
967852302
196776294
1241169211
535404577
391717387
165657464
217197916
1228063941
428554975
231355271
2158097
317588478
178854340
1122738671
1246315480
