100 100
804289384 846930887 681692778 714636916 957747794 424238336 719885387 649760493 596516650 189641422 25202363 350490028 783368691 102520060 44897764 967513927 365180541 540383427 304089173 303455737 35005212 521595369 294702568 726956430 336465783 861021531 278722863 233665124 145174068 468703136 101513930 801979803 315634023 635723059 369133070 125898168 59961394 89018457 628175012 656478043 131176230 653377374 859484422 914544920 608413785 756898538 734575199 973594325 149798316 38664371 129566414 184803527 412776092 424268981 911759957 749241874 137806863 42999171 982906997 135497282 511702306 84420926 937477085 827336328 572660337 159126506 805750847 632621730 100661314 433925858 141616125 84353896 939819583 1100546 998898815 548233368 610515435 585990365 374344044 760313751 477171088 356426809 945117277 889947179 780695789 709393585 491705404 918502652 752392755 474612400 53999933 264095061 411549677 843993369 943947740 984210013 855636227 749698587 469348095 956297540 
71 36140796
79 40651435
2 317097468
3 376710098
93 330573318
57 687926653
81 959997302
42 402724287
90 194953866
20 364228445
30 221558441
18 63958032
72 114738098
76 469834482
28 610120710
57 631704568
54 255179498
66 327254587
84 269455307
25 352406220
72 160051529
30 112805733
20 378409504
69 713258271
16 409959709
50 373226341
24 200747797
46 117142619
52 150122847
56 990892922
89 231192380
29 111537765
51 147469842
1 911165194
65 142757035
15 869470125
57 8936988
92 275373744
66 350322228
37 960709860
52 771151433
29 244316438
8 476153276
22 139901475
96 653468859
38 239036030
94 605908236
29 76065819
12 789366144
30 875335929
5 103318777
64 939964444
39 432114614
41 352118607
19 909002905
89 395235129
18 351797370
97 504569918
44 706043325
84 159259471
100 480298491
26 96689773
91 601385645
40 544617506
87 12502955
83 27907670
65 722308543
8 933110198
5 740759356
12 789376349
29 450573623
44 34949300
69 529195747
23 335354341
11 889023312
2 447267606
31 745425662
6 308044879
37 569229321
27 590079445
66 977648523
17 402586709
59 143408283
38 559412925
25 473442063
37 238962601
100 238433453
51 431419380
72 665947469
32 707900974
31 113903882
95 776808934
64 404158661
82 58657200
97 642548900
74 260152960
69 824272814
96 25187191
67 850952927
41 704365085
