1000
1
34
22
26
31
12
29
11
38
27
32
2
34
15
35
17
32
40
13
26
25
20
28
3
9
8
40
34
37
28
2
37
17
23
18
24
35
22
10
4
24
41
25
13
32
35
5
19
31
38
44
31
33
3
33
42
30
5
31
22
32
8
34
25
30
27
4
40
4
33
43
4
30
24
36
37
34
41
11
20
34
31
27
42
9
15
39
39
19
1
36
27
8
26
7
14
8
30
9
32
18
28
35
23
27
2
15
16
42
2
12
7
32
38
5
16
28
19
10
23
20
22
5
3
23
31
16
30
36
1
37
9
28
3
8
30
5
22
21
22
23
32
29
30
1
9
2
29
27
31
27
22
8
31
25
30
37
16
36
28
16
4
12
19
27
19
24
31
41
1
8
39
32
12
1
9
40
2
37
23
8
19
20
36
25
20
41
37
36
8
20
27
12
31
22
38
6
1
44
22
1
27
36
9
15
36
17
10
13
29
8
21
23
28
32
23
3
28
15
38
12
34
41
23
40
18
36
1
18
11
42
39
37
34
3
27
25
39
37
38
43
44
34
21
27
21
43
6
24
13
43
35
22
15
33
17
32
24
38
6
10
35
44
23
24
22
5
25
16
41
38
14
17
27
10
19
23
8
24
2
40
43
13
17
13
1
33
1
1
26
26
10
37
1
8
36
22
13
16
13
29
29
2
1
11
11
20
9
38
19
31
9
17
43
1
6
19
33
26
19
35
7
5
3
7
32
38
28
44
30
16
29
14
17
29
1
3
24
9
16
19
39
24
35
13
24
16
32
32
41
26
42
3
6
44
9
38
14
12
37
19
27
41
32
19
2
32
21
25
17
36
43
11
35
10
24
14
1
31
22
42
12
19
44
18
39
29
11
28
16
23
2
19
20
33
13
21
41
34
21
13
1
40
43
12
25
42
1
25
28
22
22
16
17
42
33
11
2
19
38
17
17
39
11
36
3
24
32
43
33
9
31
33
4
30
20
28
3
21
28
31
42
6
2
14
3
10
44
4
4
37
40
20
7
7
32
30
30
39
28
18
3
35
26
26
40
2
29
42
22
13
4
19
18
25
9
40
10
8
19
13
21
14
9
27
20
16
12
25
10
16
42
33
26
44
34
21
1
19
38
42
7
42
36
44
22
44
39
8
8
13
40
28
2
4
30
42
39
18
22
25
33
40
33
34
39
22
10
15
16
3
12
22
20
23
21
42
23
15
25
6
3
20
9
25
44
38
22
38
31
43
38
39
38
26
28
8
24
37
22
39
16
9
17
35
32
37
8
30
28
32
35
6
8
19
30
7
32
7
20
19
26
14
13
19
15
17
3
38
9
24
33
44
9
25
35
16
17
18
1
20
6
11
2
13
29
31
39
16
14
14
10
39
3
23
33
18
39
35
31
23
35
19
43
19
43
33
34
36
26
34
31
31
20
32
19
4
39
33
39
8
3
5
2
25
27
10
18
41
1
5
39
11
43
37
29
42
1
18
9
27
27
39
13
2
3
8
25
41
40
19
4
18
23
25
43
25
10
16
41
10
40
36
20
39
4
4
12
5
41
20
31
23
34
19
24
12
2
4
8
42
43
31
35
21
31
33
2
41
25
18
26
20
9
2
34
13
25
1
37
22
40
43
20
6
17
20
17
19
43
25
36
41
31
26
18
18
35
39
14
35
12
15
30
41
36
20
29
17
40
21
14
36
19
9
41
11
28
13
5
27
13
16
23
44
18
16
17
8
30
6
18
42
40
3
14
32
42
42
24
38
38
13
29
32
21
1
18
25
13
23
7
2
38
5
1
11
21
37
38
6
18
31
23
13
34
12
20
7
29
43
44
22
11
28
29
8
4
3
32
37
1
14
38
38
18
14
25
14
26
38
40
43
25
18
31
34
6
7
40
34
25
16
32
36
43
16
19
23
38
6
15
38
19
8
8
12
41
8
26
22
1
21
40
1
14
26
10
39
8
26
29
33
41
16
44
15
7
18
37
1
43
7
14
17
34
21
4
30
28
29
7
5
25
2
25
15
4
35
9
31
36
37
39
32
28
38
2
11
31
39
31
29
21
44
21
31
21
25
16
24
29
43
4
10
20
29
24
43
39
8
30
30
21
24
37
4
38
38
14
24
8
44
29
5
44
5
35
40
5
26
39
34
24
43
43
20
3
42
18
17
25
3
22
1
3
14
5
40
27
38
19
11
38
23
35
13
28
25
28
32
26
42
41
6
16
15
1
38
32
18
10
13
21
7
13
43
20
17
38
