1000
1998
2994
3988
4980
5970
6958
7944
8928
9910
10890
11868
12844
13818
14790
15760
16728
17694
18658
19620
20580
21538
22494
23448
24400
25350
26298
27244
28188
29130
30070
31008
31944
32878
33810
34740
35668
36594
37518
38440
39360
40278
41194
42108
43020
43930
44838
45744
46648
47550
48450
49348
50244
51138
52030
52920
53808
54694
55578
56460
57340
58218
59094
59968
60840
61710
62578
63444
64308
65170
66030
66888
67744
68598
69450
70300
71148
71994
72838
73680
74520
75358
76194
77028
77860
78690
79518
80344
81168
81990
82810
83628
84444
85258
86070
86880
87688
88494
89298
90100
90900
91698
92494
93288
94080
94870
95658
96444
97228
98010
98790
99568
100344
101118
101890
102660
103428
104194
104958
105720
106480
107238
107994
108748
109500
110250
110998
111744
112488
113230
113970
114708
115444
116178
116910
117640
118368
119094
119818
120540
121260
121978
122694
123408
124120
124830
125538
126244
126948
127650
128350
129048
129744
130438
131130
131820
132508
133194
133878
134560
135240
135918
136594
137268
137940
138610
139278
139944
140608
141270
141930
142588
143244
143898
144550
145200
145848
146494
147138
147780
148420
149058
149694
150328
150960
151590
152218
152844
153468
154090
154710
155328
155944
156558
157170
157780
158388
158994
159598
160200
160800
161398
161994
162588
163180
163770
164358
164944
165528
166110
166690
167268
167844
168418
168990
169560
170128
170694
171258
171820
172380
172938
173494
174048
174600
175150
175698
176244
176788
177330
177870
178408
178944
179478
180010
180540
181068
181594
182118
182640
183160
183678
184194
184708
185220
185730
186238
186744
187248
187750
188250
188748
189244
189738
190230
190720
191208
191694
192178
192660
193140
193618
194094
194568
195040
195510
195978
196444
196908
197370
197830
198288
198744
199198
199650
200100
200548
200994
201438
201880
202320
202758
203194
203628
204060
204490
204918
205344
205768
206190
206610
207028
207444
207858
208270
208680
209088
209494
209898
210300
210700
211098
211494
211888
212280
212670
213058
213444
213828
214210
214590
214968
215344
215718
216090
216460
216828
217194
217558
217920
218280
218638
218994
219348
219700
220050
220398
220744
221088
221430
221770
222108
222444
222778
223110
223440
223768
224094
224418
224740
225060
225378
225694
226008
226320
226630
226938
227244
227548
227850
228150
228448
228744
229038
229330
229620
229908
230194
230478
230760
231040
231318
231594
231868
232140
232410
232678
232944
233208
233470
233730
233988
234244
234498
234750
235000
235248
235494
235738
235980
236220
236458
236694
236928
237160
237390
237618
237844
238068
238290
238510
238728
238944
239158
239370
239580
239788
239994
240198
240400
240600
240798
240994
241188
241380
241570
241758
241944
242128
242310
242490
242668
242844
243018
243190
243360
243528
243694
243858
244020
244180
244338
244494
244648
244800
244950
245098
245244
245388
245530
245670
245808
245944
246078
246210
246340
246468
246594
246718
246840
246960
247078
247194
247308
247420
247530
247638
247744
247848
247950
248050
248148
248244
248338
248430
248520
248608
248694
248778
248860
248940
249018
249094
249168
249240
249310
249378
249444
249508
249570
249630
249688
249744
249798
249850
249900
249948
249994
250038
250080
250120
250158
250194
250228
250260
250290
250318
250344
250368
250390
250410
250428
250444
250458
250470
250480
250488
250494
250498
250500
250500
250498
250494
250488
250480
250470
250458
250444
250428
250410
250390
250368
250344
250318
250290
250260
250228
250194
250158
250120
250080
250038
249994
249948
249900
249850
249798
249744
249688
249630
249570
249508
249444
249378
249310
249240
249168
249094
249018
248940
248860
248778
248694
248608
248520
248430
248338
248244
248148
248050
247950
247848
247744
247638
247530
247420
247308
247194
247078
246960
246840
246718
246594
246468
246340
246210
246078
245944
245808
245670
245530
245388
245244
245098
244950
244800
244648
244494
244338
244180
244020
243858
243694
243528
243360
243190
243018
242844
242668
242490
242310
242128
241944
241758
241570
241380
241188
240994
240798
240600
240400
240198
2399