100 30 20
1 2
1 3
2 4
1 5
3 6
5 7
4 8
2 9
1 10
7 11
5 12
8 13
9 14
9 15
12 16
10 17
10 18
6 19
1 20
14 21
4 22
15 23
1 24
4 25
19 26
3 27
8 28
8 29
14 30
23 31
1 32
17 33
10 34
34 35
9 36
30 37
37 38
17 39
4 40
10 41
33 42
27 43
25 44
41 45
19 46
5 47
25 48
46 49
38 50
10 51
19 52
31 53
39 54
44 55
16 56
3 57
51 58
56 59
55 60
2 61
55 62
30 63
31 64
49 65
46 66
24 67
24 68
54 69
56 70
23 71
29 72
69 73
60 74
22 75
36 76
41 77
34 78
14 79
55 80
42 81
49 82
35 83
82 84
80 85
47 86
82 87
63 88
62 89
61 90
1 91
71 92
22 93
22 94
79 95
91 96
73 97
12 98
79 99
58 100
