100
63 -46 50
46 66 59
87 -96 43
45 -19 6
29 33 25
46 26 75
-25 -32 9
64 9 15
66 -28 82
-42 20 91
-38 -47 56
78 25 45
83 23 14
-87 -41 10
-4 -74 53
73 -84 86
-60 -91 100
0 39 12
72 -61 34
-59 60 91
-56 15 18
69 84 19
-8 49 70
1 -51 32
27 45 73
43 19 32
2 89 43
92 33 13
81 92 68
40 65 27
-95 97 18
39 -60 59
-13 -39 72
-13 -85 35
-69 82 54
0 -56 54
-62 -21 9
71 -45 62
12 80 61
-23 -74 21
-77 -35 99
-87 48 83
-76 99 52
-61 -8 52
-79 -15 95
-85 56 99
-55 69 49
0 -67 45
-71 -60 66
-94 -23 44
-29 -97 72
-82 36 67
67 57 47
-42 -36 50
-6 -91 73
-51 35 22
68 61 64
51 -77 72
91 58 27
-33 -96 30
-29 -23 8
-94 24 46
13 83 1
77 -34 47
36 40 49
-29 -67 97
-69 -7 76
-96 98 29
63 52 52
17 36 3
44 75 73
-33 86 91
-50 -87 73
-34 59 71
-95 63 2
90 -91 64
-18 6 85
-70 69 82
82 33 99
-33 -12 35
-58 -40 35
-73 53 37
91 52 6
50 -37 58
12 1 75
21 25 61
77 20 74
-4 96 9
79 77 72
-34 19 20
26 79 87
-72 32 44
30 52 39
93 -78 73
-6 9 59
69 -100 12
-11 -18 30
-66 96 87
-90 -11 45
30 14 91
