56425250639
66049125371
75823984561
72912458008
40752086961
70197620977
73470057382
18363198085
65828451571
53774400262
58639179639
57567176749
18912314916
76338150006
58721431910
60730437620
61854418221
25581562300
54512335843
83394286621
52633550011
53398928801
72319686356
67781815623
53529907776
20699144451
71813412744
83581955957
74627009904
5341680432
53213268527
70362136824
80715135869
65931478054
53150973771
33645176674
55551702964
73087817979
75995884451
62801099928
72592592216
47911030560
82069310076
59961241533
