820
230
750
653
829
940
639
586
629
604
68
954
476
631
813
171
406
20
186
450
798
896
903
732
139
680
142
846
331
73
816
426
879
526
707
871
497
17
183
73
51
973
453
273
746
241
239
666
951
285
271
21
731
456
966
144
12
552
576
208
590
203
455
507
177
810
976
702
388
593
785
425
169
119
919
592
353
86
689
378
942
931
889
773
378
749
231
149
116
587
491
583
746
262
897
629
38
506
40
200
102
588
399
30
47
370
237
806
516
944
610
816
267
7
235
330
397
841
713
134
881
117
555
425
195
219
98
950
740
758
442
690
117
617
230
250
800
296
547
344
369
329
400
887
511
87
81
890
556
789
613
97
984
310
47
412
327
554
694
518
137
353
662
831
548
866
116
762
261
426
298
237
239
224
704
832
31
833
208
916
757
322
194
859
666
351
229
No Solution
No Solution
20
No Solution
No Solution
No Solution
No Solution
No Solution
No Solution
323
470
80
675
620
961
888
449
849
611
177
715
629
593
452
850
957
940
362
555
179
906
968
656
38
946
331
648
807
284
920
788
412
836
391
824
44
924
366
706
160
940
132
214
453
495
741
42
925
832
292
524
822
821
240
550
739
438
271
619
175
297
363
808
594
648
542
953
566
305
32
89
113
205
554
661
365
894
542
314
177
865
384
100
88
415
619
247
815
577
762
798
910
734
279
191
437
793
789
79
943
309
704
736
385
132
611
674
917
963
990
96
828
943
267
209
505
673
752
941
718
467
56
494
656
304
27
984
299
508
907
767
881
717
379
429
139
848
582
979
299
53
796
534
681
311
517
622
456
779
80
97
800
310
157
614
970
228
348
645
909
29
941
204
849
855
363
692
903
422
751
173
329
307
187
204
271
774
503
362
143
644
939
592
331
876
36
527
368
80
740
76
46
675
410
629
196
917
210
203
73
705
452
845
172
746
794
215
18
730
690
42
859
835
892
594
540
888
222
586
536
239
450
129
16
681
404
207
153
866
921
273
834
382
711
622
205
107
160
225
285
831
403
746
241
901
524
390
408
660
869
164
394
494
843
832
962
254
823
809
629
950
745
98
502
962
760
694
267
751
492
694
980
122
827
935
86
344
651
763
680
578
257
512
482
964
463
271
774
540
957
613
219
663
297
445
792
429
246
411
333
896
391
658
272
500
0
No Solution
No Solution
No Solution
No Solution
No Solution
No Solution
No Solution
No Solution
No Solution
No Solution
No Solution
No Solution
No Solution
No Solution
No Solution
No Solution
No Solution
No Solution
No Solution
No Solution
No Solution
No Solution
No Solution
No Solution
No Solution
No Solution
No Solution
No Solution
No Solution
No Solution
726
737
360
525
42
77
465
837
890
529
677
744
810
14
169
409
77
615
350
121
966
547
528
549
373
379
193
110
119
185
641
250
171
750
340
669
51
268
917
822
35
440
764
257
340
57
988
882
852
53
600
99
568
861
607
585
916
786
193
191
154
548
15
686
342
664
46
52
754
302
370
143
875
397
859
243
797
151
312
517
110
320
190
294
437
173
271
791
657
802
356
171
232
220
830
762
343
319
964
873
274
242
122
444
729
219
245
642
682
661
716
969
936
549
145
975
336
475
651
393
909
581
639
924
286
977
839
234
322
297
239
476
151
443
935
893
496
430
936
382
90
431
550
126
892
212
229
847
452
273
767
36
856
527
1
556
657
890
682
848
139
6
917
404
932
428
935
523
622
508
326
221
973
465
830
596
58
455
225
929
21
247
736
778
124
887
679
33
636
981
152
861
152
43
528
28
548
649
940
362
247
737
692
194
239
364
272
976
474
326
53
68
715
935
448
540
633
563
834
730
797
978
72
870
269
730
807
275
432
697
930
848
147
990
661
856
893
786
806
879
310
677
102
265
497
964
497
800
386
327
737
338
811
764
842
897
858
716
647
118
533
916
21
46
738
688
342
696
689
839
441
325
156
771
578
378
345
394
693
964
540
388
219
941
767
568
139
416
953
615
442
75
181
529
58
355
715
84
712
13
381
544
174
286
100
430
292
64
220
62
837
10
509
732
491
533
562
821
294
657
525
150
346
467
533
706
792
243
391
591
575
535
865
861
621
45
437
657
334
164
536
309
725
369
67
4
617
37
520
524
82
774
750
410
184
221
144
944
783
95
825
338
701
55
916
381
658
260
65
598
493
279
461
776
84
933
811
838
430
482
766
602
612
53
887
892
868
169
908
368
293
440
610
151
900
188
823
708
764
479
965
903
487
838
660
208
224
529
60
294
743
368
690
603
444
69
387
900
260
785
575
225
183
461
789
336
440
618
798
295
953
600
24
107
756
954
629
590
841
547
1
278
720
736
394
978
278
943
577
103
2
892
944
988
541
611
159
331
21
175
748
816
774
839
321
925
14
