5464
7134
9149
2525
4743
7889
4841
8587
8734
2225
3621
5865
9966
2031
3592
8036
5591
2731
2
8651
4211
8302
3068
6751
4917
7077
9385
4605
1967
2616
321
3145
4714
1541
725
8269
4493
1439
4538
3045
3124
9163
9888
6391
1698
3914
1664
6144
8598
7623
989
8548
4827
1915
8580
2536
6256
5400
925
1179
1856
9767
8347
4546
2450
1965
7228
8483
8839
4177
1820
3025
8011
747
1993
3126
7449
535
1769
117
74
1847
8391
1207
3148
6071
1607
7288
1504
3289
6041
2147
2288
352
7371
3146
5288
8867
9044
3713
8638
3417
3010
9486
8048
8035
6423
4573
1552
4843
7157
811
2441
4218
1659
5043
3012
2253
7001
6183
458
2860
5176
536
6203
7144
9247
2796
8878
8858
3881
8489
960
1755
8568
4467
3389
1984
7437
923
4545
6328
6724
8425
517
6426
9963
5103
5691
1123
3797
2864
3544
6541
9335
7923
5501
4150
9831
5825
6801
292
6312
2577
5710
3807
746
8015
113
2271
2338
5046
6710
977
5266
8423
6212
7876
4355
7198
9074
6570
6623
7985
5040
5613
2588
5983
6105
2632
2168
9891
6075
9047
6714
3206
6249
5259
9873
7366
5864
4125
2330
8978
7750
465
160
1344
2267
5678
9796
23
891
6718
6042
6920
7430
7055
5295
3745
2895
403
7805
3249
5831
7513
9232
862
6388
6935
7990
2459
4776
5614
2715
9543
2990
6492
2759
2312
8361
8009
8720
5828
2999
5809
316
1462
1055
9458
7607
3541
3332
1210
6699
2531
9776
3075
3022
3446
7309
6755
8599
2518
1705
3968
9455
5287
6008
7614
5319
9680
3679
8124
9802
2843
1011
6376
1841
9188
3450
5218
1078
982
3344
613
43
5661
9860
4308
6851
2344
7968
2356
2763
3200
9569
2657
6151
563
9349
6914
4834
7714
1930
4165
1066
5437
9514
518
9572
7185
5876
143
4429
1747
4815
2914
6339
8716
1295
298
4921
4392
8956
6404
2255
9635
4582
9810
3729
878
8038
8870
5478
4744
4536
7119
9840
8479
2245
5021
7108
7423
7411
5453
9490
9436
3391
0
4247
5367
9024
5239
9613
2738
7352
9911
1262
7724
5021
4010
8609
1235
4506
5927
1596
4943
5180
6404
7564
8011
3937
7075
3019
1568
1346
4701
8932
9949
7115
1652
6597
4956
9103
4248
6694
3631
8030
3006
9286
4129
8026
1932
9816
3431
2640
1601
1220
1024
7545
4871
6062
3992
6616
2167
1513
5817
9627
6540
2830
8556
8984
5504
7721
7768
8284
5241
1034
4992
8335
5873
8452
5436
7988
5893
1210
5343
5820
5260
7065
3812
2432
3431
215
5616
4421
6104
3357
6815
4915
2595
9137
3388
8180
197
6559
9952
9196
5542
5696
4130
3976
84
5684
4402
5891
6391
5399
2044
1703
5466
4117
5250
8153
7801
837
3224
7695
4453
7017
9859
6717
2021
9913
9633
4161
424
4847
3514
2318
135
3785
7537
3700
8963
1170
5153
2846
8632
9546
5849
3947
8352
6082
6430
5079
8091
5140
7337
9253
5075
518
8091
4510
8018
1211
6686
1827
9417
2987
4313
3863
2862
858
9721
9630
4719
238
3528
1320
614
2857
193
5994
3888
893
3444
3155
359
6393
5676
6806
9046
955
7799
6522
8062
7434
9964
8606
4616
4669
1001
9594
9851
580
184
6655
3900
4702
3987
801
5875
3403
7225
9190
6530
4137
7444
2406
5191
979
3426
7386
2063
4158
8533
8148
4619
2905
3959
7566
3374
9128
692
8964
4859
6076
291
5856
9746
2874
5612
1867
4905
1177
3479
4176
49
3025
7502
8529
3781
7276
2028
5234
386
905
1439
3493
261
9713
7793
6374
216
1087
2749
11
3717
1931
9687
7365
7092
1220
2269
3673
3339
7643
8989
3401
3629
2046
5078
1931
4187
4890
9229
2532
1057
137
62
7390
9446
1218
430
2817
4952
1236
4628
1337
8074
1692
6842
9043
1420
7120
3283
3868
1764
6588
2393
6769
8300
1261
4492
6848
8385
9870
162
3442
3170
3973
4821
4924
9148
6711
4260
9390
5344
776
1300
4572
481
2002
1561
6729
7913
3493
1387
4886
8408
9547
2545
1879
6896
9061
5972
9912
6132
7203
9061
4613
2987
3249
7096
1694
6199
329
2973
5467
6707
6706
4175
125
6874
8806
8645
143
1550
1025
3746
8840
1595
8910
6717
8061
6385
9215
7604
1735
3797
9864
3846
4958
9280
6643
7007
1652
1550
5212
6533
9055
9662
5566
8010
3550
4471
2654
4053
2472
740
561
732
8614
5746
9855
5615
8516
8765
6257
1428
5820
7856
7647
2035
5101
9642
9031
1108
451
1844
6894
7666
6842
1368
8815
4431
7873
838
423
2149
8091
4079
3819
3397
1550
7896
6460
1834
9424
3637
11
1968
2296
6848
3434
751
6929
5958
1451
4365
5474
131
6517
9811
7463
7089
727
4025
3103
7580
3425
636
9293
6646
5254
8769
4104
1562
1829
9873
9701
8814
9256
3349
4419
6319
3904
9357
4559
4777
4352
7132
2264
1585
1197
5777
2203
4431
693
4180
6303
1060
689
5138
5801
9451
8281
2498
9313
5095
1651
5298
9191
5992
6188
8336
4738
1725
5993
4961
1380
1678
1640
7332
5972
1590
2637
9076
1174
9969
2602
4537
7127
2557
9415
7124
810
6461
4373
4807
5136
5725
1518
6084
2417
1920
4785
7452
9161
7823
2904
5670
7273
8978
4351
3977
9970
7253
3349
6077
7631
6872
1929
8758
6629
6011
1104
3149
6819
6933
4481
9133
7906
4737
4867
1326
6556
9608
7279
3773
9896
3431
3673
8979
1565
1352
5193
7887
7930
4039
9650
3877
5069
1081
6383
9325
6180
4483
1900
6034
3183
2212
1471
623
4508
2813
8753
7977
343
7226
7050
2558
5184
5008
3551
7602
4418
7897
2509
365
4801
8829
9771
5316
2018
4308
1545
7987
2306
1233
8818
7812
9802
9772
8222
547
2342
2714
3428
8870
9923
4493
7912
7818
7143
7863
3298
416
8705
7301
7632
371
8970
8091
7088
1739
3370
8132
5105
5129
4002
836
7932
4882
3266
5362
4057
694
6575
5496
6666
6834
8473
5733
9547
5350
4667
4215
7846
4113
1797
7819
3052
750
4499
2263
4409
5749
1340
884
4440
5392
2244
5809
4746
5159
4906
3071
972
9453
2472
8992
5248
3760
5884
1662
3922
6489
1131
7943
4462
3318
5374
1590
8289
9839
9285
2129
9202
657
1941
1337
8854
5080
9031
1955
8246
4010
3786
926
6171
5334
5341
2898
1423
3190
7175
4275
8359
9051
8914
3098
2020
313
2515
4991
5239
9660
803
4725
5489
3247
7887
7832
3837
4706
5773
4568
5326
1255
3491
4618
3600
421
9766
648
524
8403
6475
6853
3458
7705
8568
7098
6277
9023
3062
4389
4415
9353
2514
84
6661
668
7544
9500
2614
7486
3553
1864
269
4742
6725
9909
6814
7860
6297
4795
869
1218
8027
4944
4168
5815
7799
5838
4766
8067
5543
4149
7979
9395
2934
449
7834
365
2716
9970
5135
476
1291
4911
5155
400
5467
5925
2127
8980
7096
2047
3666
5080
9550
6656
5853
8018
7173
160
793
1600
4169
7895
4644
2130
5215
5307
1088
1452
7897
5791
6909
3289
3396
4646
8874
1267
8903
8917
3562
6886
7776
3109
2071
7143
8701
3303
8181
3748
4826
3010
7820
8722
1906
7199
2902
5554
156
6111
1212
1959
4450
7018
9908
1333
6543
232
8558
134
5155
3916
8801
5745
8253
5382
362
4828
8914
6324
8769
8684
7130
6488
2355
3716
8666
8735
2275
4934
7931
1567
1596
6903
7239
8547
6329
6510
2835
7123
4914
2895
7356
5496
221
1355
7480
7284
8603
6367
8587
9094
2014
4109
4968
3774
630
6089
6160
936
5646
1157
3333
8595
6268
8489
1713
6217
3709
567
7728
1897
6365
5470
6346
1395
6675
3069
3421
1858
3924
905
6949
5452
7580
1290
9643
1424
1071
338
4491
9179
5737
4888
7887
905
7313
9122
9753
6659
7823
4878
1522
7231
5850
3790
153
414
7900
8703
7650
9466
1334
4890
6302
5723
7331
5128
8635
3729
1597
7849
3804
2740
89
4944
7201
179
2368
1899
8812
2749
3320
7193
2096
3219
11
544
1476
4972
8328
2251
8962
7622
7572
6831
5031
4785
5643
555
6887
8721
7902
3751
7594
584
2855
9216
9765
1258
4766
2879
4581
7611
3486
4037
9920
167
119
4586
4862
3319
7545
6598
708
1131
5600
3300
5184
2538
8821
3204
9671
3536
2627
7935
3697
9762
694
9037
9172
7626
5516
8085
8372
7789
8894
7238
4553
4672
638
4726
1920
1788
348
4765
7519
2254
3003
3648
4829
5842
9591
4770
7450
4287
4921
8922
422
4281
8320
5996
4976
6075
2665
622
1686
6102
8212
80
1662
7312
7966
7531
4689
4672
8368
9126
3835
7472
8277
7774
1395
9473
9492
1692
2945
3710
3604
9163
6732
2783
2066
9443
1477
9785
2587
8489
4286
9908
7627
7741
8913
6513
8771
4365
3325
8626
4461
9497
7888
154
4888
7015
7956
6957
5764
27
390
9962
460
618
4063
2684
2003
9091
7569
8593
5839
8910
2888
8748
9398
76
8773
2271
1449
9912
4211
3257
8216
35
2328
5163
761
8977
4481
26
8594
3681
5397
8593
7930
2915
4236
3552
4749
2793
6770
5999
7060
6760
9852
5040
5682
7890
9510
2102
6569
1519
5470
9633
6097
4718
3592
5224
7542
5659
888
4052
6505
3252
1540
7074
2281
7343
7380
6999
8890
2715
8982
5526
8750
7312
4961
865
3020
8979
3733
575
5149
4217
5985
1421
4172
1925
1098
2189
7776
9335
859
5999
8328
330
9136
9593
4164
4314
118
2823
4617
346
4886
122
2272
3564
2083
6502
5810
7949
6404
3409
5423
2397
2442
8505
3973
5429
9006
4605
4481
6010
9642
707
8202
4203
5818
5481
8410
9953
1795
7956
5334
7899
6418
7016
4649
6064
555
2258
3549
1748
5310
7945
9633
7331
4840
7538
9610
140
6771
1728
3848
7290
2636
8734
9343
9515
4877
5091
7773
5686
1977
9491
6032
9163
6102
4745
5121
9079
2651
1866
4138
6452
754
9533
3514
8195
6004
1516
2497
798
8909
3496
6741
8186
4268
177
3437
9135
5972
4579
1233
2402
7067
4243
1333
7337
8545
66
7705
4933
4484
3160
1136
1932
8187
1768
3484
231
8692
117
654
5410
1300
2049
6341
9261
849
839
638
2436
2108
8349
991
7169
174
3861
3682
7090
1469
8582
5828
2280
5092
7513
7191
9145
2825
4651
440
3723
3318
4802
4716
3740
1462
8127
1871
1173
7567
5794
3150
5964
498
1907
8890
1724
7763
5487
8140
4321
2638
1162
9417
5662
4491
2076
7752
8293
6534
2634
543
741
1506
425
1521
2078
6202
7136
6305
7130
9799
8137
3101
8598
6679
7522
6100
219
2501
2673
1819
1348
7806
6226
9269
2663
744
4822
7333
5738
3355
3865
1155
5099
8572
8777
4358
1536
9925
3314
6682
4868
160
9850
7428
5840
3136
9719
4562
1729
665
4047
5117
8852
7330
525
1012
9527
5890
3247
6050
5848
5774
4297
2313
5798
7339
7589
2708
5953
5771
9605
2964
7125
6942
7929
1074
1534
1729
866
2263
3063
4421
4021
594
1966
941
9926
5758
7098
1274
6251
20
5740
8882
7294
9463
7158
3093
3870
5098
3739
3692
8644
8098
3086
9127
689
1914
6169
1566
9158
66
2499
4426
1338
488
8465
5938
2026
457
9570
8155
1365
9449
696
9766
3403
9437
470
2362
7545
5021
4859
3056
8838
5092
2243
4598
3635
442
1389
5915
1143
7949
7864
4775
7758
8869
732
9195
7075
8303
3616
7057
2353
1178
118
6628
330
4853
3605
3146
5097
2391
3381
6186
9712
4462
3787
7564
3324
9757
2394
499
9657
9945
7823
646
5160
3647
7977
2888
1953
3866
2889
3803
3478
3414
9433
6326
6522
5341
1144
1640
618
5955
8020
2367
1237
7871
9417
6422
620
539
7545
8230
8326
9798
3833
9198
2946
9704
5133
6657
2353
7275
6486
3811
2352
9320
5714
6334
8594
4010
6695
787
3740
2269
3333
8797
2019
7247
3500
7557
5636
2027
7331
7172
1709
9805
3315
5257
9709
6127
2289
2439
2154
9965
3437
6138
6296
347
2231
9415
7707
6373
7143
5499
8357
1727
6545
4251
4623
8652
4578
4024
1673
323
5158
7888
4808
8887
8555
3925
6974
1321
5832
6373
611
6209
4023
6068
7660
1635
7976
7066
8801
2644
2444
5434
468
5931
159
700
7352
3170
4120
7611
1481
5688
5759
147
2406
1051
8097
3971
8131
8208
529
8627
3182
697
1092
9466
9906
1251
7860
823
5167
6746
3962
5385
358
9133
8367
2079
4938
1440
1658
4665
8539
513
458
3583
3933
8669
8707
2738
8136
312
2413
9269
6124
3696
5165
7367
8978
1640
8549
2850
1371
5510
4982
1669
8374
357
7409
9348
2986
3270
9165
9203
7212
631
1944
7207
7909
432
4139
7480
1564
2256
7457
9515
1850
5185
3449
8530
9159
2684
5066
410
803
7172
2040
3612
2353
1648
872
3622
3579
3161
7904
3229
3652
2375
1625
5735
5713
7106
7930
3736
5803
2177
1254
2826
5259
6719
1786
7067
2523
9501
7788
7958
9578
2622
6941
3424
4530
6086
4672
7213
9486
7641
7918
6476
676
5986
2579
6276
1631
3141
829
4275
2113
8902
9729
7275
9755
3345
3946
1931
4929
8410
4780
2515
8427
2625
1127
3747
9245
3119
6173
2654
6737
9819
313
9005
9554
4517
1642
2274
6493
5321
4449
6253
8968
8905
2339
8530
8164
2205
205
4646
1235
746
9451
1976
3397
2373
550
1880
9358
5927
3757
5323
4973
3655
4725
3912
7393
1
3372
3918
3396
6423
8791
639
4951
6741
3997
4945
2054
7465
4782
5550
1138
2308
4729
943
6880
5533
6924
9266
5970
720
8665
7891
3963
1135
6041
7767
2262
8732
3714
945
4181
6650
8224
3793
7805
6731
7384
207
2861
3125
2599
460
2159
7182
6535
906
4901
5600
264
7788
8318
954
1730
8071
1507
4864
7194
4082
8664
8172
3030
478
361
8826
4820
8734
3089
21
7353
2777
9129
8987
4054
2000
3700
5874
4302
9830
3316
7810
3756
331
4602
5359
3221
2448
2503
8225
5535
5145
4522
226
4198
6661
870
2145
5006
2919
1843
5539
789
6262
956
3589
1476
3218
3690
9882
5794
2927
2703
4048
7252
4094
8678
5790
8854
1073
7994
3909
2163
5143
9258
1739
4495
1023
7702
1217
3470
3505
5994
9516
6195
3380
9722
412
9813
1655
6284
1907
1980
7553
2578
2797
3001
2613
7372
5834
2806
4298
2719
2090
2262
9356
1897
6313
9968
1922
2067
2513
5950
7142
8879
5715
2213
5005
2319
3485
1771
2116
504
3646
808
2373
4932
427
7180
1836
1036
3018
5781
9601
3919
4537
6469
9285
7440
1250
1402
6517
4447
14
3181
6220
595
6152
3790
4105
6331
5138
9741
2892
271
4868
9460
8869
5914
1102
2018
2826
3457
9394
4861
8934
4324
8274
4555
4472
5420
80
6547
4873
9661
9521
468
7762
4284
2194
1548
1645
8125
8432
7287
1169
5754
786
6897
2744
8639
7669
8747
8773
5267
7558
4686
6526
1563
2643
2410
2644
8488
2584
6622
7652
2986
8572
3501
3137
4683
9551
3693
1211
8919
8167
1730
1824
6239
3136
2267
8120
1255
615
6597
8901
9085
4136
601
1003
7191
8424
8971
4808
5768
1760
497
2992
6680
9649
5834
1622
7116
9436
8276
1957
3692
9079
2533
7781
5662
8193
4187
6702
1086
4474
4438
6043
2826
3894
8118
9195
8545
5165
2192
8741
6780
6436
323
7201
4625
4444
1992
2792
2965
5404
7010
2099
4237
7671
9569
6126
5123
3011
6170
2146
7859
20
9804
1111
993
7179
4025
5730
5043
820
9826
8842
8326
9900
9392
9671
7879
3874
8517
2233
4497
5223
7793
3230
5666
1456
9300
8659
1230
4693
6420
6109
9492
6298
1950
6282
1286
8481
5234
8681
1988
1767
3099
2345
6369
8258
7645
6629
8406
6172
2158
9628
5968
3639
1564
2727
2174
5557
6615
7407
3758
2048
6346
7223
1257
6027
4917
5168
5236
3938
5693
3610
9293
8438
210
6668
7970
4863
5390
476
5857
4906
610
7714
583
8164
118
1879
6892
2638
5890
5508
1760
486
7899
5706
8328
6278
8547
1243
2305
8038
639
3990
3999
1258
295
4015
4612
2135
992
4913
1417
8418
302
8149
1684
6924
58
6348
6138
1433
4352
548
1961
6126
8361
2145
7384
8575
3060
5527
8833
4957
224
7652
2488
2282
7768
2474
642
152
9623
9761
6809
9052
6309
1855
3660
9867
1889
1390
4745
8313
5802
6659
8493
8982
3898
321
8449
5485
6306
1209
9187
1272
6153
7154
8253
6053
9863
7598
3148
236
4917
8467
5633
9455
1153
8773
8611
9329
8566
40
2151
1019
5732
8236
9473
5976
1129
1558
6151
2951
4378
4258
6960
4734
9137
7823
2008
7603
3033
8710
714
2347
3325
9963
2117
3171
1637
4752
8918
8485
7861
1590
8591
5065
9759
7045
8429
743
6187
8657
6693
2502
162
9079
4959
7918
5939
1750
575
1299
7477
9311
5327
1432
1646
6942
952
2910
8622
5871
8307
4866
1379
1034
3050
3177
9835
2536
7045
8860
5185
5639
8235
303
3823
8156
5756
5816
3785
1604
6503
9634
2458
2411
7272
1000
68
7438
8013
119
567
338
8005
6571
2501
8252
6431
8478
415
4708
3688
4100
2570
7059
5593
2955
2273
6074
2421
5272
919
2667
6687
7597
3707
629
7305
4646
597
8320
9894
4701
2137
3181
1635
4255
9522
8984
1855
2764
4621
946
9499
9799
328
4895
2056
7084
4538
8109
6313
4151
8124
7659
9205
4674
9516
8918
4955
1409
9379
411
1165
5143
5971
6720
9796
4905
1565
6581
8395
267
5659
5623
5882
9751
8647
303
6099
1447
4547
679
6619
3638
1940
6001
7129
1141
9085
1839
9393
2739
8851
3828
5531
3239
5638
1539
7686
5443
1798
5793
2221
6557
6644
9494
3738
9279
9456
3701
893
3605
5026
6680
5731
4475
7810
4088
1472
5349
9178
6363
6795
593
5102
7304
906
5337
3603
3441
8897
4461
5700
5450
9810
7056
4827
4210
3707
3560
5034
6264
9088
6547
9065
3540
3171
5969
3653
9615
424
2432
2487
1362
4494
4295
9482
8554
724
9688
1665
2937
5772
1734
1384
9271
3762
4362
5267
6776
8347
1699
5836
3978
7725
191
7934
3701
6177
1865
4435
1238
9567
190
6108
1082
5921
717
5352
2384
9854
1863
3594
2748
5876
951
8843
7812
3752
6383
326
6038
7378
2366
3565
388
9504
2656
9593
8667
6995
1378
4633
2510
9453
2648
3002
3942
8283
4774
908
2775
4035
8720
1883
153
8957
4488
7777
8944
5773
6071
9747
1572
7269
5702
9665
7010
996
5987
8544
8946
2848
1822
2016
767
9324
763
8602
8012
7910
2809
2972
2981
3055
7141
4591
5724
6096
59
8813
2027
1448
4321
6396
6209
6668
9762
6444
7883
9757
6058
6827
8777
2620
8025
3710
584
4102
667
2418
9833
88
3092
5919
7284
8589
8190
8975
7476
4887
4665
2918
8703
9774
6850
2417
9649
3816
7452
1721
9509
4170
4499
4059
9291
7899
7220
7511
8034
2754
6382
1988
7583
5448
9013
7634
1824
9384
2974
8747
448
884
2218
9067
4441
8176
6390
4584
8084
2568
2951
4804
8603
7619
7925
5525
157
2234
2925
9502
1489
5020
2500
1648
4052
587
4667
2431
3084
8758
5869
8380
1246
9577
5477
5808
5661
8368
7481
1031
7804
2195
8041
9010
5044
2682
1153
5500
82
839
993
7841
2572
6191
9886
3142
906
6036
3693
5495
3641
7942
6028
9495
6496
5997
686
517
3814
7838
6781
6563
233
206
4637
3806
5598
5471
6463
5631
5914
618
5436
6335
1060
5605
1894
1249
8383
1097
9002
2141
5960
4585
4384
5028
2226
1313
3896
827
7878
8562
1232
7194
3202
3934
8079
8581
5809
5532
3964
7044
3350
92
5963
3600
745
911
1867
2638
5833
8989
2287
9439
2208
9170
6035
1459
8065
7174
880
1858
5006
5621
2824
3730
4790
3055
124
2250
6186
633
5607
8273
1808
2812
362
9650
9218
329
4994
6015
7979
4897
4935
5235
1472
7444
5987
370
2274
3473
2368
9001
8529
7234
2222
1260
122
2239
1286
4215
6951
4152
5432
8195
7493
6478
513
2828
3266
6528
3384
5920
6221
39
3263
1001
9536
5289
7251
5005
1191
2589
9956
4054
1078
6265
4487
2065
3200
1997
8955
4344
2703
5645
7948
7949
6765
7643
5075
7909
3996
7671
8568
697
6833
4552
1715
2570
3797
7001
3867
755
1756
5540
3120
1633
2505
9474
4261
5532
1515
8495
3781
1642
6946
1283
8435
8482
1005
1778
9811
4722
5167
7847
6134
634
5861
2300
6970
1695
2663
8464
4765
8931
3087
6220
6230
1375
9856
2518
3597
457
9963
9244
1821
8766
5016
8844
9528
2851
7624
8106
6404
706
6217
4388
9921
1785
7999
8595
7661
1538
7568
7483
1862
3358
5749
9792
2413
9566
9488
2723
6219
5871
9308
7259
7261
4973
6789
9165
611
5777
8109
3730
3290
605
778
9866
7802
8690
1316
5332
7789
8500
1517
529
6950
7955
7641
4998
4601
4910
4453
2855
8511
5962
3874
6255
3672
3231
4851
3129
1906
2551
9086
7782
4038
7002
2604
4425
6079
3553
5584
8374
1173
187
4190
2494
2488
1656
4323
7238
3884
639
4666
7549
7930
2047
4932
8817
8492
7788
1065
9739
2292
3553
878
3379
3925
488
7502
1667
7711
8034
107
809
4209
8362
9424
6196
4205
3994
5179
1775
1523
993
6808
3904
7423
670
6712
6875
3914
9583
4531
7904
6927
298
4019
7111
4129
2973
261
6824
1481
6896
1873
3751
7818
875
4174
2977
8029
1142
4664
3088
773
1593
8413
685
4063
1048
4615
6137
6848
8555
6994
329
9064
678
6846
9662
5775
7618
1396
8421
3354
5455
899
1165
5139
2828
6370
8997
6802
7716
6936
2375
8595
5402
2389
4793
4458
1612
666
527
4125
4238
9209
7914
126
3295
1021
9859
1021
4579
1249
1137
2419
7240
4884
6794
9613
7741
9652
6982
7050
9014
8563
8216
8743
5739
6393
5895
6930
2680
763
6548
2676
2122
7228
4178
946
8776
4246
3323
7687
8118
4828
1855
9431
6480
1148
9496
2888
6029
1467
5309
9343
2091
36
2322
7074
4703
300
5753
7080
7952
8114
777
5990
7621
2746
1563
2034
4201
1371
2512
6840
734
7622
3848
7827
2896
5536
1191
1665
5925
3002
6781
6754
8886
1815
4717
169
4158
3041
4448
4430
628
5759
2333
7150
4984
7949
581
9598
2232
6330
5389
7278
8848
7099
9603
2403
79
9646
2991
4702
9192
124
5855
7334
4288
301
4739
372
1438
8797
6699
2480
5473
5321
8793
7663
1242
4904
220
1767
5518
7266
9557
449
8002
155
2337
5033
1310
5535
9627
11
5949
7410
7648
8025
1453
2321
3283
4791
2932
6910
6658
5061
5554
9236
6855
5541
4746
5850
1544
9122
8709
5153
2985
954
3628
6181
2818
431
6631
2160
2970
5527
8658
2748
6334
2468
5079
5673
3740
5566
907
6862
1133
7719
8969
3726
9682
425
2933
7922
8820
121
1403
5076
1589
434
977
6582
6956
6786
7449
4950
1884
4296
3874
5995
7028
1639
5438
7616
9566
488
2884
9663
6994
3082
8123
8291
2403
2175
4044
1420
2347
6956
4724
274
1954
8947
7533
4278
9759
7298
7327
4012
1411
5691
2909
4458
3237
8147
7057
3740
9260
4985
6302
7265
9421
4490
896
2608
4166
1079
6043
7990
7275
3572
1314
6209
7363
9935
1867
314
2330
6797
2378
1127
1606
1965
1100
2879
6728
4974
1431
1978
618
3261
9920
1989
6798
5670
5410
7107
1204
9972
138
7261
7882
6974
5936
1656
2961
3717
3429
95
4984
9826
8555
6043
4323
3003
1412
6273
1672
9193
4023
8377
4127
3014
3320
6707
5422
8045
215
5565
743
9963
186
1986
2481
4010
2254
1917
1383
7796
8804
1495
1832
9051
789
6420
6664
4383
5856
9807
188
1363
8586
8454
3686
8712
2911
1496
8173
5347
9883
3077
9414
6405
767
7440
9696
4734
7331
9269
7763
9331
5621
1919
7368
7836
8755
2090
7065
2858
655
4541
7398
6045
6931
2235
611
2895
8361
8462
218
9638
9525
475
6325
2800
636
9936
6473
2933
1477
5652
8562
1971
756
1733
8871
7944
6842
1982
6864
6654
2225
3477
7670
7441
7280
5214
5434
334
520
4506
7601
21
4368
8098
9154
5321
2855
5710
7369
1549
4268
7183
608
5275
6098
4833
9057
2495
84
7295
5471
7599
1960
9293
7300
7163
7136
1053
8274
1928
9815
895
7435
997
7822
5069
52
7407
8668
7019
2689
8670
9666
2724
3132
4278
8015
2600
3503
2310
3721
5554
3349
5124
5425
5529
2510
9204
6335
557
471
672
5921
384
9543
4149
5169
9611
6813
5022
9524
1559
332
2702
4988
6853
4363
1960
441
6106
5275
4134
6910
470
4171
5261
9354
5437
1600
3488
9438
6616
2613
5757
282
7250
4774
1578
6753
4573
2367
7343
2580
47
9344
877
8434
5449
5237
2920
301
4858
5548
1094
1984
4067
8703
9332
7550
2959
4625
3148
1941
3864
9770
8148
2580
170
8070
6267
4824
8374
9032
5481
6079
7076
3041
3947
1979
5406
2787
5939
3926
4622
7294
6097
650
8274
3262
9880
5125
8509
4965
4176
1771
7159
6594
8521
765
9525
6792
61
8694
6408
9210
7167
5725
2520
3006
1600
3956
506
2665
6847
5050
7069
3525
6016
6483
5619
1049
7061
6071
420
2447
8446
7695
8991
7473
3064
657
8225
3893
7316
8628
8208
5964
8541
9355
5918
4738
5620
268
3520
3454
4962
8562
8596
2643
5653
7165
9373
4494
175
4407
6462
5962
7741
9162
4478
8041
9551
8985
3567
1241
1020
4256
2646
5267
9386
5258
6299
8252
4471
7230
7500
596
6412
3106
8091
3579
133
7090
5248
5432
2720
9829
593
9547
6793
4419
1398
6934
1098
4488
7003
9274
1953
3179
7420
1607
9278
1666
7836
6334
8618
5767
5324
360
2169
9241
5656
6714
9256
7032
4586
8814
114
548
3976
1026
5762
4179
4291
9214
4022
6552
357
5818
9824
6126
9931
3525
2191
1219
5397
666
7130
6749
1897
4420
2681
6676
9213
3189
6867
1670
4636
6674
5549
1105
2600
1439
7538
5290
2684
7019
7768
4458
2506
7486
3947
2042
3599
1701
5478
523
6783
4953
3547
145
9296
3447
5365
3486
8535
8066
9174
9127
4519
7875
9151
9800
4800
359
2428
7485
5506
8306
1474
3302
7238
434
1933
5379
3800
2985
6423
2582
155
5103
7484
9965
7039
3724
5690
1233
9164
6024
6090
3588
5989
4401
4439
7366
6834
6248
1570
9390
6490
9273
5059
745
517
7457
9525
5036
1848
608
7820
5283
7852
919
7132
7141
4413
8892
1285
6040
3378
7577
2887
4646
602
1956
417
5836
8294
5782
4789
8005
579
577
3430
8860
175
2891
7924
2784
895
2459
9605
588
2268
1970
4685
2076
1347
1935
8515
3493
9076
6887
2659
677
7718
9140
6517
6245
5812
1700
5429
5289
4647
7086
611
9447
4981
7600
1964
6813
9274
5294
8233
4106
1616
2189
4317
7217
2423
4148
3014
6470
2900
2673
6649
5887
9686
7080
4269
3656
3125
1510
3172
96
5065
2407
9310
7736
8891
7999
9815
7457
3173
6592
9319
2868
8806
9713
8085
3517
81
9544
8746
8183
3929
2388
2821
4757
6532
3143
8288
1561
7234
9592
3619
5115
882
6380
1242
926
6325
1990
5143
2701
8646
190
9644
8178
1281
7976
3462
5814
8606
7913
7387
6154
6817
2685
5065
3912
5866
5647
4269
4364
3757
9874
1870
3911
1919
1815
9540
9655
2418
4031
3444
4286
3357
614
6188
8675
8057
1906
5702
2803
6177
414
8936
8417
9573
5986
8774
4284
2687
8711
7652
8984
2158
6978
3002
1266
3381
1658
1864
3204
7608
4923
1598
864
73
7598
5916
7315
9682
2611
3967
9921
474
5246
6576
3116
7813
5773
1258
6468
6815
2626
1409
7637
4037
2301
1271
5330
5407
2039
7687
3386
6896
5507
4517
6507
88
6256
5979
1460
1724
1279
1664
7831
3940
1857
2786
248
8047
6913
5596
4353
6592
4551
9765
5338
9672
7841
5128
6055
3678
2093
8872
8464
7992
1100
4199
1049
9719
1211
9413
3580
9089
4208
7078
4897
930
410
9349
7252
6623
8499
7411
4273
3653
4410
2306
398
1372
629
5021
9178
7976
1856
2515
9733
8119
5686
9955
7439
6567
6022
6264
8478
844
946
856
3816
4327
3544
9692
8544
3524
1
5754
9958
2194
428
409
3699
7664
3311
9733
5132
7679
8615
8641
6463
2170
4193
9465
1236
5957
9287
7071
5118
3348
1793
3338
7249
5815
109
697
6733
2036
5608
9746
5603
3621
8631
8130
8155
4856
3335
4238
7103
83
6286
9834
9792
6588
5089
4164
7346
115
6179
9199
5439
2774
4025
611
8768
4613
4335
8709
8774
8716
7275
7285
911
4804
1480
5366
2535
1782
5896
6056
7018
4557
3066
3787
1792
4390
1467
1567
5895
8627
6108
1711
6603
1472
7548
9675
197
4145
2212
3224
8781
9813
3820
7402
3707
9205
8663
5755
5488
2250
7577
6933
5650
7519
2643
7774
7330
4568
7147
1541
4141
2946
2148
1328
1031
1469
9043
5409
5711
4497
2242
8718
2517
7484
721
7385
5292
9757
9676
1755
3043
38
4177
2675
7815
392
900
1213
3116
7581
2053
4398
590
7942
9045
1042
3388
5218
6274
867
886
6792
6922
686
407
898
909
8406
3834
9031
6428
2171
7333
6174
7088
1852
431
4389
5041
3661
5397
7513
7839
3197
5862
4990
7506
7513
5066
9941
6113
8146
9794
3943
7496
4753
7359
2407
9784
4054
3746
3816
668
1137
2712
6745
4477
7420
8688
3049
9772
6631
6960
6523
157
5693
4815
674
7694
3493
3422
6894
4453
2649
3606
4794
6551
4342
1813
3476
600
3596
8032
9131
2079
2770
8552
7119
2387
3291
9746
7946
8284
7577
3101
6021
6911
5154
1753
1706
117
5839
332
1458
7884
5925
5172
7861
9251
4894
3671
8627
9174
7277
1586
2747
8237
1428
23
9844
1389
4420
9232
9456
6308
1694
1423
1255
870
2154
6918
3526
5334
7575
6531
3776
6912
9215
5362
5730
5662
7585
7687
5091
2381
7653
9694
1854
452
2474
6843
6740
3651
5078
8571
8054
858
4496
1388
8918
1462
3267
1843
4046
4810
1051
6348
6286
3423
1335
7909
1832
5807
4630
2656
7511
6921
1466
8244
9270
4014
5739
4388
4338
7860
8773
5912
7799
2488
5498
3945
8963
5991
5703
2492
8225
3026
8351
9105
666
8882
5423
2844
6273
7380
3430
6385
692
7312
8294
8661
290
4838
6803
4552
7106
9738
514
2171
3947
4532
9458
883
8411
188
2838
8066
9301
1516
4288
7698
281
6000
4925
1890
3787
5729
7611
4344
3583
1615
9699
2383
5570
9319
6620
1100
1957
7721
1282
6786
1500
3533
1222
735
7062
6385
1978
2607
3016
5349
1076
862
3054
8424
9580
5981
7065
4135
1722
9576
461
5985
2600
4208
9153
6734
1364
3890
5527
862
2882
8675
8833
165
6282
474
8286
8952
5620
7829
4607
9391
152
5445
6558
2235
8738
9216
3497
5599
7300
7618
814
5966
5739
1038
7356
3356
2679
3165
699
8683
6719
6893
4149
7667
6015
650
3901
8799
6262
7159
6829
7935
9109
9883
8991
5689
5788
7027
5181
9806
4177
4771
9184
9705
7564
2672
3065
7014
204
1430
2611
8112
5043
4210
8607
4080
9130
4445
1990
8825
1089
1734
2580
2448
2381
278
5332
5003
3281
5274
6346
491
1903
2688
7566
9758
1821
5600
4035
6989
1510
8654
2997
7350
3392
4593
6799
2788
7291
9395
3155
8798
7420
7535
5045
978
9588
5803
974
6671
8081
4368
3182
6472
9476
2162
3628
407
1275
9279
408
5097
9500
7984
6755
8392
6569
9130
5279
6978
2473
120
5496
9484
1126
6604
8204
7862
4219
3578
1531
3787
8105
9673
3019
6484
7816
8301
439
4169
3707
6425
2407
4443
4267
4954
9308
2082
6183
1966
3984
4184
2226
3252
9687
9015
1604
1690
2757
2064
781
9137
1786
6597
3784
1466
3006
6383
4412
6490
3522
6049
2378
8927
8437
6222
3818
5432
1181
9469
1735
4705
479
2883
1661
1276
9122
2271
4779
3794
1988
3309
1448
8727
2812
994
2012
5021
226
9478
2554
1641
7831
8158
8583
9928
4813
1354
6501
2310
5138
1199
8974
9821
3013
9557
8439
3327
7878
6937
1465
3532
1620
2458
907
858
2723
4682
5993
6155
4462
3527
1239
3127
9873
2018
3368
4605
6039
3434
5931
1980
6295
5657
3089
5026
1931
8275
3032
7099
4268
8770
8866
8638
7815
4399
7313
5831
7002
3315
1257
9571
8246
1575
1103
7856
5390
2528
7919
9748
6468
4051
8081
7668
7581
7968
763
2755
7003
6765
7128
9866
4981
216
2388
3179
3095
529
5502
1725
7838
6761
4499
9040
7767
2042
7308
7413
7371
270
5606
368
5539
3387
1545
8495
1067
3731
796
4731
6366
3968
6894
5915
6087
4724
7603
8617
5671
9161
6553
6845
6002
456
958
5154
6108
8739
4314
2029
2527
6289
2237
5626
8362
2213
1206
8728
8688
5903
9133
7224
3312
2178
771
2833
6289
3401
3739
2926
6472
1097
2796
2387
6889
4241
5924
1205
4224
8511
9790
8293
3709
8877
3983
7137
2772
4101
3381
1542
3862
3633
5662
1810
3298
7653
6608
7794
1794
7960
4995
451
6859
6620
8911
6798
7495
595
8222
2161
7529
9389
3341
1300
5466
6407
9243
6439
8492
8207
5210
2199
1250
3194
4739
5156
4406
2290
42
2003
9155
8349
1656
6914
2387
4038
5202
3575
8202
9147
1297
9504
8675
5627
1795
3235
4524
229
4434
2594
1744
3727
3373
4265
8145
9827
3945
1795
2797
5675
4501
2142
2984
2493
3823
466
8031
8342
4699
7882
4229
4979
6870
1824
7152
1394
3234
249
8014
9631
980
4035
7855
5899
1211
6867
8431
270
3636
7147
3994
236
9079
1579
3915
848
3518
9966
7979
7250
7733
7169
5793
2220
6639
1356
5528
7606
6749
3637
747
9472
6683
4905
5563
4796
1000
614
4755
3684
5104
4344
4715
7082
5821
690
2954
7690
7183
2948
2426
67
8451
7247
8639
9416
6464
8372
6510
2028
5385
763
7288
2511
7002
2287
4796
1218
6252
7714
8990
2926
6229
3828
7719
3139
4052
1676
1946
2201
7799
4928
5291
1154
9746
6476
7543
549
5300
4298
6934
3280
6451
808
1402
7388
351
4782
7796
8871
1178
3005
4204
2519
566
3151
6058
2117
181
709
6966
8662
8523
3643
7461
3686
7913
7833
8712
6827
6965
7869
9097
99
2218
9526
2133
4252
4943
8341
7997
9449
6611
458
9258
9823
1050
654
3784
7067
8084
58
3813
7537
4341
294
7180
8607
2573
5347
5751
407
9383
5694
9486
9543
9017
2339
8191
7406
5279
5559
2673
2308
7142
1033
7997
80
353
4940
6497
4869
7469
7206
5170
173
4343
6348
794
7610
6643
4475
9934
2706
538
6554
3013
1825
4270
2106
1658
3075
1793
2483
1137
9624
7993
1155
2491
3177
6370
5645
2288
4782
9560
8254
3902
2890
8458
3929
4271
6683
8564
8485
562
5534
394
5858
4239
6046
4676
8316
1780
4716
9228
5613
2675
3348
7123
5988
1359
7146
6781
7902
877
1373
9558
2467
4846
4526
7885
792
3952
1045
9134
1286
954
3696
7116
3496
1861
6636
6226
6040
4689
6835
2936
2561
6904
2070
8424
4210
2947
3176
7420
6164
2647
8895
653
6789
1002
5357
9520
2744
9772
607
3443
3245
5764
8427
5946
966
4380
6880
5537
5622
1667
5988
2403
7813
4677
9313
7735
9972
1268
2842
6872
6102
6310
9792
5706
1860
6220
3676
681
3641
7539
8835
5463
2437
9209
3944
5850
7106
4798
2002
2201
9385
946
7113
9069
3829
2979
8264
5932
4824
5161
144
5833
5152
9066
7878
2183
9572
1828
8703
1687
2016
6210
42
7749
4130
5246
1449
6780
7707
9259
3762
3537
5804
1798
3089
4170
6282
7980
8044
8007
533
6294
6819
7697
3466
9044
5071
3002
6351
7529
213
3886
4008
7913
6847
9147
2206
1284
7590
1402
2987
217
1493
783
9716
5071
9161
3804
6606
8338
4896
3557
8816
5761
8407
272
6014
4647
3725
212
7537
3638
470
1368
1326
4343
6299
7491
3529
6804
7873
6977
9591
9187
7177
2931
2442
5157
9848
181
5455
2655
7061
8667
6637
9734
2097
7274
2732
1864
7283
4092
5579
3091
5390
8975
4934
4292
2246
6261
9802
5685
1201
8541
8899
1392
9481
4611
1908
5411
4807
9776
4435
509
9499
5558
6865
5282
8910
1506
2168
2393
6059
1846
9807
9584
5274
8021
8398
1438
9390
773
8169
1765
3757
8557
7394
7009
2537
2633
9176
841
7453
4657
4243
4912
4083
3224
9705
7454
7281
9544
4321
3337
22
3641
1246
9674
2762
7398
9733
9284
1104
8286
9652
3322
5506
8796
7151
3663
1820
1752
2362
4743
434
6869
5168
3333
1193
4830
2654
1280
6459
7898
7072
6790
3830
9270
3858
6626
7978
9059
6008
311
9372
1200
5912
7636
9794
8766
3127
996
7044
1768
9213
888
1871
5825
4406
1626
6728
9259
7159
94
5095
2346
9107
471
7894
184
2512
2062
7036
5302
9603
359
5773
8020
9650
6176
8317
9646
9713
8563
7917
5068
5430
3284
5974
2374
9950
7918
4371
534
6827
4210
5094
7082
5096
3791
7710
1711
9703
1906
9087
5743
3049
2569
2099
5206
5183
8758
9939
3236
1568
9025
9544
7749
6118
189
1171
1955
2903
5948
721
8562
7734
8944
5359
2916
9790
4660
6452
9225
3100
1854
9457
2860
4783
4078
2801
684
8930
6766
9598
7138
5336
2347
4983
2655
7159
8386
4508
570
1937
5738
2010
3319
6442
6757
1392
4486
335
8777
9608
756
3155
9134
3030
5132
5355
5982
2594
9925
9428
6187
8689
5068
8693
9336
2991
4578
8574
7132
4518
4548
2770
9076
1334
627
1349
6952
5365
8647
1430
1482
805
4436
1411
7242
3568
7930
8542
6577
4762
3159
6995
1721
6705
8808
2327
3180
8974
5328
296
1793
4923
7793
5593
939
681
7967
5693
3798
7521
2730
9745
1849
6267
2432
6363
4128
3111
1767
3142
3616
1650
3522
4094
2334
7350
6426
3807
5902
4126
5749
6223
7087
7685
7034
2846
5877
1399
155
7669
487
5157
5808
8845
9469
1116
4672
1079
3172
296
8253
6472
1437
2519
3834
3469
602
7664
5829
2270
8733
3718
136
7861
8891
7800
1905
1046
64
5182
1867
7371
1426
4948
1157
5718
9781
9633
2352
4518
4049
414
6193
3070
6237
9128
8468
3410
7872
6484
4660
2756
1036
1501
9526
1014
9364
7261
4144
1408
1860
373
924
3087
5952
3622
3616
9485
4405
2428
7077
9206
5494
8372
9209
5930
477
9028
9938
780
5850
4597
9067
8418
419
2252
2335
2175
1505
2999
971
5743
7001
2448
2672
6860
9549
5269
2695
6364
502
1705
2973
1856
1349
8075
1215
1341
5004
1052
4499
6942
8821
8869
8010
517
8249
9116
2211
5559
9688
4552
8413
4981
3308
5409
2367
310
8501
7559
9414
4377
6741
5372
7455
416
4297
7456
1
7110
9275
1224
9056
4424
2675
4901
4427
8467
6545
7373
863
9124
7931
3947
7523
1712
1027
5449
2006
136
3366
3680
5502
5073
4609
91
3300
8975
6275
5308
93
5561
5269
6605
701
4835
6591
2656
4818
5556
2304
3973
1876
1598
658
2915
9392
8028
6865
5031
8502
9556
9487
7750
2445
1836
890
6646
8736
9885
285
4421
3045
134
6979
9932
7136
4458
4979
568
8172
7748
5537
1701
8988
2990
8676
5007
955
6572
4059
268
2008
4234
7887
3154
8812
5939
9891
7452
6272
6479
4900
9042
7573
2037
6832
3149
5979
9289
4616
1940
1402
346
6583
2661
2575
7484
9873
2622
1481
8003
9504
5306
5697
2606
8471
1453
8576
5625
1367
7476
9945
9746
1373
1399
2282
9272
5074
2668
372
9941
3955
4816
7175
8933
1453
7417
4041
7567
8293
3127
6737
8739
1480
359
8446
9528
3298
4283
8509
3450
6231
1843
4267
6980
8702
2706
9194
4152
2137
6645
9931
2413
9376
520
2752
2445
9768
8900
9391
7476
3906
2259
5833
5188
9720
9514
8054
3739
2554
5015
5714
6901
2711
9741
713
6069
8994
4667
9045
4860
7032
8541
5801
4821
1764
2412
2229
9605
68
6320
3704
2193
4883
9530
7407
39
1637
7594
8946
6067
8977
7785
9605
7074
4794
8542
4985
6257
1100
2464
9050
806
5262
8683
2466
8064
2714
9409
6623
4525
4321
4330
6120
4950
3610
9858
4587
7844
2563
2560
9720
6633
5467
1510
6748
8638
980
2498
8457
2999
6524
3139
236
5107
2253
4220
304
9112
5250
8742
8295
3948
2934
758
9404
7238
4681
9122
7877
3994
7202
7218
964
8316
4425
4676
3137
4377
3612
9791
4186
3947
6368
7065
3533
4372
3460
7856
2035
2647
7328
1399
8676
9492
3267
8365
479
7612
6794
7780
7122
3275
9842
2019
6340
6015
2863
8236
1890
7518
2030
4807
1606
3917
7911
2964
4350
7767
5171
278
8519
4916
7324
7902
1296
6619
7160
1352
9415
3283
2983
1668
8312
8719
1988
4744
1684
2080
7488
4621
4633
9109
7694
864
8595
4487
4231
378
740
2916
2076
8397
2051
8215
2058
4127
1205
5559
4817
228
2283
7175
6023
6899
6891
2683
7441
7549
8192
3597
543
2373
4544
8362
7315
7171
7457
5343
5581
1813
8472
6248
6413
883
8887
1108
7594
883
4838
1968
7899
7678
4767
2286
8122
507
2850
4593
1990
1868
3823
2994
37
4706
7739
7034
9827
8004
2061
8933
7608
1312
4167
1789
1435
2113
6291
3544
946
2592
2882
8820
6187
6448
2199
1453
2476
4995
2996
5055
3844
3569
8435
1628
4454
6427
2741
3749
7180
6559
1266
9937
5076
9408
3230
3977
182
9881
7947
6388
5013
420
3595
3297
2833
2600
7828
4029
5750
6774
3725
4454
8444
1422
1489
9226
4282
9822
9712
7542
285
6022
1212
7205
8700
5781
3977
7851
7410
1873
3461
7779
3196
2972
3930
4954
2609
5390
2655
1154
7960
6571
8210
8127
8280
6662
3784
6448
3649
2017
4242
4744
1305
9221
6593
1937
6962
5390
8888
5303
3962
5752
8089
4081
8917
3729
3523
8443
8105
1739
1460
8851
4753
8619
4637
3242
1566
4123
2841
9836
5198
7461
2114
954
5705
9883
1370
2470
1342
5806
2089
3367
8394
3181
7317
2478
1432
1286
6543
6174
111
2570
7963
3195
7212
7853
9418
7376
4601
9489
7984
1443
5605
2525
8001
9109
72
4574
5367
4346
7321
1242
2767
9963
7579
5756
9789
7208
4900
8461
3712
7972
3880
6400
9419
4093
5480
4561
4937
29
2848
7043
8083
385
5583
9512
3376
1605
9748
2624
3218
7643
274
2753
5436
7032
2217
7345
3207
0
2802
4092
9453
2
8852
5250
9444
9666
4477
2922
6499
8591
6980
7718
4607
7194
5781
4628
7842
6078
2361
5457
9001
837
3128
5265
1305
4066
924
389
549
1936
2804
8810
4540
5496
9438
6490
6430
8002
9266
8902
1772
5276
6855
1649
6228
4837
4361
25
5429
3618
5052
670
1904
8523
9500
8765
6080
2289
9103
7750
7238
4572
6486
5796
343
3522
4924
7484
5405
6343
1752
3013
5227
3207
6677
8686
4781
1560
547
806
9564
7948
1348
9080
7727
7829
1045
8966
3989
8838
1273
918
9366
6884
4070
8317
2570
9699
6606
9499
5944
9189
7040
1608
3951
891
5498
3994
6812
8905
8594
5831
5768
3793
4416
102
2164
5128
1827
8838
7529
2497
1927
2033
6626
9233
3085
8278
3646
1475
1057
2872
6303
9287
8217
3646
4289
3858
3865
1011
9704
1576
1865
3288
9018
5051
1818
3065
9242
7940
6130
3622
9480
2990
2201
2512
1695
5630
8130
849
6965
3562
9430
9233
4185
4634
1541
5525
5171
760
2530
8294
3140
4087
502
685
9659
7818
5860
4914
3379
5067
3088
4047
3576
4016
7489
9692
1717
9761
4497
1186
4112
2643
8945
1756
3130
1283
9651
2279
5746
5580
4734
4387
5914
7683
8506
8864
9010
2575
4558
4111
9455
9557
6404
883
7265
2571
8117
1722
1973
4744
3314
3962
6681
9032
8451
695
7677
5180
4162
170
1565
5044
1464
7440
5643
8552
8031
2358
3315
5457
9825
8888
3133
8124
5769
6196
5647
6560
4726
8593
3561
9073
4567
6117
8135
8237
3513
6123
8625
1040
8685
5316
2671
7057
2178
2497
158
9006
1072
9827
1575
9660
4528
1610
3340
4312
3599
2499
50
9481
1985
6624
3781
5195
5413
8726
3704
9765
9411
694
3861
520
678
5465
5315
1407
4490
325
1735
1749
4182
2637
9360
9879
6055
9038
3429
5329
1289
586
9803
9292
6937
7239
532
6206
8742
8014
4904
927
2078
5414
2019
1469
9949
6697
2394
902
7799
1889
4819
4203
6829
8968
5027
7654
6480
8381
7639
496
6321
9016
5228
6558
2264
965
9864
8342
4130
3160
8201
1827
8382
2088
3690
9878
1349
1874
5411
7023
7400
6368
4823
6437
3323
4402
8886
9351
2641
8395
2702
8120
6889
733
4839
9272
8402
683
35
7973
910
7741
9157
3212
2679
3620
6694
4474
7302
7592
2105
9965
4854
6796
1601
1741
7825
7675
3732
6528
6237
1784
2630
5883
5089
4807
3894
7503
335
5554
1019
4469
5156
1493
3464
7549
5277
5522
571
8103
5897
6619
3328
5407
9566
2692
2403
7934
4933
5785
9109
3605
2760
9614
4236
6580
5908
19
2186
7100
8728
676
9708
7248
7934
8590
1391
4336
4010
5467
3201
1030
5679
3640
4986
7524
5472
5756
8001
880
4458
6371
3874
7363
4160
3618
6361
9939
1343
1944
274
5598
8378
2727
3371
3077
654
3063
6837
1196
8619
2896
7030
2239
6576
9327
3172
1315
115
1813
4205
2435
4970
5199
4973
9170
5714
6620
7348
845
4276
3563
1480
4568
158
2599
7777
5980
7870
9657
6878
7715
4904
2363
4201
436
3052
4470
5063
1745
725
1857
1051
8840
8909
6221
1033
8830
4551
596
1163
7554
873
9543
4691
2185
4080
9428
3539
6867
496
6193
1952
8115
4907
8259
6143
8319
150
5224
5873
9031
5611
5729
8265
9765
1797
2649
934
639
6673
1328
7315
9349
675
7136
3437
3952
7499
9519
4228
2042
6342
6853
7636
3081
4479
9216
6720
8334
2887
2944
306
1774
3665
3240
7005
9237
5332
2111
7810
6627
6695
9822
2919
3530
8474
5107
4673
1118
9680
4383
7103
9764
3019
9158
7135
262
9270
1739
9091
1471
9688
240
2929
947
5797
27
495
1649
5529
3509
1745
7727
2829
3802
8720
8898
2788
5139
751
8034
3355
6849
4096
2805
8083
9649
364
416
4288
3853
4048
5040
1419
3299
4921
4011
1134
3260
7478
5908
9487
5774
8714
8830
9014
7174
2634
867
4388
4659
4930
3509
8870
4136
9211
1162
7644
7050
2405
1432
473
8489
4306
1323
7318
5016
2013
4595
4063
7877
4948
8751
7383
4667
591
5439
9815
1726
4633
1790
6094
6237
3881
3172
8347
9162
5896
741
981
8171
9491
3909
6635
7455
2789
5626
2127
8005
2691
9694
4615
1535
6294
2616
9787
4571
5902
4548
5264
4255
4196
3018
212
4927
8636
2118
742
1478
7276
1898
854
1602
4942
8599
3480
1871
8269
1566
761
1740
630
2233
4582
164
1497
3236
186
9116
8201
7002
1821
8079
8968
505
9344
353
4930
3460
9303
6654
7944
8801
4231
9146
891
2732
2626
5223
9740
9468
1058
9324
7851
7376
5843
4508
3855
3183
8105
2032
7204
3125
6738
3262
9684
348
5809
5379
9396
9298
7797
1748
153
4041
5730
5545
8085
2727
7452
3539
4961
4634
8049
4344
3404
2779
3571
5223
3305
288
7480
4340
7278
7694
4455
8150
7360
6845
1729
8989
9902
2713
8855
3816
4733
3666
2140
8170
2230
8027
9543
9689
7351
9154
3510
5748
5179
2353
2486
3871
3156
7291
4786
4528
4609
4917
7326
3720
404
2262
4312
8471
9426
9150
3588
6898
4439
4149
3124
9027
8979
8943
6583
657
8415
6971
4098
9582
3630
9798
8480
9500
1884
3799
6435
7525
3446
2043
5748
6413
6069
4145
7951
8417
9302
9283
1701
3842
7742
8738
4624
6148
8030
1256
5574
796
3032
862
1399
2357
9543
4521
983
6032
3343
2951
418
3822
1019
9023
981
2875
7032
2796
991
7241
1134
1553
9551
6061
1137
9318
2724
8206
7021
5475
1625
1214
587
9300
7273
1344
1471
1252
6466
598
1675
2012
500
8627
1153
7610
7628
5391
8441
7991
2053
674
9168
9966
1144
3925
8544
6281
2814
7686
5553
3662
8425
1180
2359
5055
7552
6223
8223
7126
4254
2760
1037
8473
1254
9797
8613
7091
6699
8314
1873
1840
8200
9729
3085
3159
4280
2824
6547
2968
5611
4604
2637
9077
4328
4781
9292
6072
5868
6963
4348
9518
861
1321
9165
2393
4747
6460
9724
232
6225
3130
7489
9728
3202
1189
9175
4535
2808
7619
9247
2621
3893
6212
9017
7062
7550
4879
9762
6657
3824
7882
3831
8658
8160
555
6823
9839
7833
1481
1115
1819
5783
7024
9354
421
4018
7015
3072
7121
9711
6253
2326
7946
5149
2924
1682
8335
475
9070
2891
571
207
8762
5219
8321
7687
3035
2277
1054
3027
1355
1856
7530
7271
8790
2973
7252
8990
1618
6742
240
2285
5335
1523
8740
2355
3004
8280
3868
4268
1626
3119
8655
9345
6702
4099
3925
7620
2649
4161
1982
6974
9467
8871
3393
5979
3826
2801
5910
1210
829
1303
8909
102
6861
9683
2126
1339
3273
9778
7492
4466
1543
7835
6459
7097
5169
7688
8533
6880
8066
945
525
5604
9657
6198
5392
8373
8007
856
7516
5056
9028
3234
5313
2295
1672
4948
3094
4232
8647
444
8385
6093
2419
2144
8873
3069
8024
5
2973
3722
520
4360
7702
4025
5465
1066
292
6689
9071
4450
5101
2688
9200
3004
4095
5825
9606
5326
5933
5666
2443
3458
8099
7139
4367
8189
9781
2199
1741
5132
9525
5074
646
7670
4428
9669
3467
3911
1636
3498
8782
6875
4721
1442
4061
4561
6513
7830
6071
2133
8463
9732
8715
5437
2956
168
8356
1952
7570
4953
3859
8739
118
5899
1983
3255
5433
154
5064
394
6320
9305
4608
3
1612
6657
1612
6618
2656
2599
3697
3484
36
8287
8331
7163
5838
617
3949
1005
4895
9262
6154
8440
4081
289
2780
3635
3380
3844
6730
5758
9842
626
4416
6599
4177
8940
7176
4075
8941
517
7927
8814
916
792
565
6234
7170
854
3981
35
6312
2768
3025
2730
23
6456
9005
4298
675
7219
3203
5587
973
3105
7589
2724
522
8846
9884
5304
2436
1845
2369
4100
9225
7290
3633
2348
8293
2813
6124
9569
174
7588
9935
7877
3334
6925
4558
8184
8047
5683
1991
6461
6044
7913
3206
1401
1341
7033
314
3689
4829
4832
7370
6942
3160
9481
817
278
2964
3407
7446
6918
2419
6155
7003
6811
1970
7966
2970
7127
9558
9271
5706
4172
4739
6649
9501
7238
2474
1655
6163
1850
4273
7489
3564
8593
7594
5526
5087
2424
225
8310
7670
4623
5744
1739
9819
1287
9385
988
6977
8155
8887
8981
933
2626
8489
3474
2633
8092
6723
7410
1071
5812
1250
2114
9776
5735
6622
3286
3233
1230
5376
5468
3099
9389
4174
4149
4853
2666
8817
493
2615
4831
215
1935
3271
4429
9534
4416
6115
8597
5134
1807
7126
5498
9389
4635
1567
6117
2966
8898
9157
6979
7017
6917
4574
7102
2589
3961
8439
243
2975
1671
5536
386
7048
4257
8605
2267
7227
3529
4157
5899
6734
6304
3941
3741
3723
2241
1770
6357
1351
6315
817
7504
3560
9048
9480
6749
3671
7683
490
9727
9967
9345
1538
535
8174
4928
5817
2167
8160
2243
6891
5196
6482
4095
8774
7144
7567
1652
5057
2694
4073
3495
3621
392
6630
4352
6209
7765
3393
1692
6648
8449
7310
4917
3492
3481
9258
6203
6539
1753
9649
9735
9105
8867
8907
5685
1354
6163
8203
282
800
8400
9261
1041
5098
3107
1289
6709
6238
7558
8264
8135
2643
9172
8049
967
6423
5247
7062
811
5208
930
3951
3363
1495
3822
7698
2802
2062
8390
1109
4612
4207
5771
9683
495
1506
5798
1979
3265
2169
3007
4254
7668
5626
9782
3263
2883
95
2115
532
4514
8650
3125
3140
3000
5467
5983
5297
5161
5667
1424
1843
7711
5665
6713
9858
1770
1924
4266
433
6149
7035
5759
7740
3551
2712
7925
1770
6231
3099
1724
6169
4992
4979
9899
2417
5033
4959
981
8720
9911
8817
5921
8201
8598
8564
2847
3985
2626
3644
6907
4262
7495
8384
4886
9011
6617
1607
4953
6138
8152
7427
7275
4650
5418
2057
7957
9700
6432
8469
8040
66
3666
3997
7845
6150
9235
4818
2135
3672
2604
5816
5739
3392
6290
2016
722
3314
494
4037
7888
5791
6526
3693
688
4481
8447
896
5326
9704
2375
8252
476
8230
1105
2379
8955
8596
9068
4889
9088
7673
7276
1798
3111
8756
8438
1616
5320
5353
4564
4776
7067
125
2231
4356
3499
8229
2991
9910
8531
699
2063
5868
6341
1553
2337
3917
9365
9623
9563
8809
2109
4520
2046
2435
316
213
813
984
8066
4012
1730
3803
6449
2107
3710
3287
7353
1305
5323
5866
1258
266
2176
8765
8023
6319
187
5577
3187
7642
5308
7088
5013
2412
3301
8940
873
4305
237
90
1606
4922
9604
8287
2238
2089
1512
5788
6590
5936
7607
7103
4140
8675
2677
4285
6864
4551
5632
3583
9224
9046
9349
1021
814
8087
9058
8584
2712
7329
741
1413
7179
7199
4233
9218
1542
7770
5689
9135
9397
5596
2632
8111
8152
8193
3912
8920
7841
6645
4481
1493
7507
9046
1383
1054
5203
9508
1072
7013
4761
8436
1967
3995
9644
1794
12
9718
8501
783
5662
7072
5633
6253
3734
8312
7322
1136
6123
145
1186
5270
6485
3756
7159
3793
1533
626
8615
4234
5105
7858
9108
5096
2451
285
5493
1985
2538
3483
6880
1634
201
8752
4848
6068
4945
1965
7818
2536
7996
7688
3589
7895
5390
2659
2590
8358
6010
9809
6840
1728
7981
9555
3257
7567
7579
8345
520
9518
7421
6776
9811
6615
1398
3120
8411
7714
7459
287
8443
6835
2248
6503
1647
1083
5266
7892
6801
2073
3168
2654
6492
3201
108
8718
8175
2670
7195
8905
6727
6871
3942
9284
35
2762
8694
832
7389
6751
5535
1635
5292
6892
2861
2979
7154
691
2772
4277
2357
4764
1421
1018
1209
132
7666
39
3965
4088
3268
3089
1727
740
416
5585
8596
6286
2036
8012
76
4258
9111
1183
9368
9563
258
571
8825
3926
4708
1826
2716
9429
6359
724
8734
9545
6037
2573
1024
252
7291
3401
9791
9424
4273
7943
5326
2316
9263
6638
1298
7666
5950
9619
4627
2913
9248
3200
2911
819
8112
6114
9136
7769
389
7751
1664
9023
7003
1716
5684
5335
7550
8060
2871
5261
700
7071
4002
1917
2953
2040
7748
3530
687
1610
838
7948
9093
1704
2168
3177
535
1790
6524
8176
4003
1887
729
7567
5918
6111
9807
6132
9731
3077
3595
5380
6319
9495
9334
8057
6743
9794
732
3411
5244
6140
3136
4238
2331
7679
5085
1384
9054
7275
5616
1439
3895
6423
3521
1093
8094
2385
334
563
9800
8155
7751
2870
7025
3577
3866
4781
4741
2972
4016
7918
2621
5701
6166
3682
9621
7359
3464
6346
4485
5645
1700
4512
8606
7569
9386
577
5877
8672
848
4323
2346
3778
1526
279
7442
4795
7648
9640
3317
7699
3675
2653
4060
6571
4728
3641
3148
7598
5498
4538
3447
603
4353
6993
4849
8378
6498
837
4528
5082
2982
8497
6061
3166
4222
759
1260
5502
4758
3312
96
4492
7616
3106
90
7095
8853
1073
704
5774
3107
3653
3466
2806
562
6236
9476
9702
2132
9385
1473
2958
4081
7918
8259
6927
2845
5101
5153
9921
5811
3223
5676
999
2274
2029
7901
335
8356
4759
7493
5508
5408
2930
8027
9457
8984
8961
9
1920
8549
8403
3329
3412
8426
7591
7116
7248
2017
7243
3539
3260
7846
5052
2888
6137
5304
4993
6088
5151
3115
3182
384
4146
4637
4065
9699
2858
3334
8484
7418
5434
6223
4024
3711
2253
4341
6030
285
2711
6671
6138
5250
2824
6387
8009
7530
4715
7936
464
1745
8421
2565
4587
2369
7997
6158
9519
7488
2247
5813
9498
1316
2765
1499
9961
9892
8420
2968
809
1047
6904
6337
1607
8853
3176
2168
5036
7929
9002
9745
9716
3484
8198
7227
9345
5868
9656
2745
7958
4724
598
7874
1747
5138
4569
6295
2321
5304
2562
2751
4732
9348
7339
4105
5077
2623
9960
2249
5854
5086
1848
1552
1699
8198
7832
1156
2992
5410
1184
5506
1499
6027
5640
448
6610
3569
5510
9010
4438
2099
8708
769
589
4796
1054
7776
8461
1812
9735
311
7963
2043
9904
4023
9146
1340
6144
1308
7490
228
5785
3714
1548
3828
1806
2124
5037
6945
6046
1214
227
8109
6981
4663
6494
5500
9663
7036
7397
8029
8194
1684
1893
9257
5936
4280
2372
7123
4647
8501
9203
5428
9002
8678
7797
7075
3960
2679
5303
8743
8645
7048
9172
3590
8779
4006
9064
9266
9925
2205
2452
2565
6525
904
7895
3470
8169
6473
809
5171
5096
8422
7712
4466
487
8335
9438
8237
9703
8841
7939
6990
8558
7440
3851
1528
6292
395
4660
164
4989
9177
7571
1150
2789
2647
9842
6497
1649
6684
5493
9784
9312
2070
175
9929
1513
2657
6954
968
6887
3778
3561
6788
9917
702
5691
316
9568
4143
2224
8142
2493
1294
745
838
6836
7087
8917
6583
1603
1825
391
7580
9665
8927
7826
3658
7810
7430
6981
4436
5413
9891
7566
4418
5376
7220
8132
7701
1649
2657
3239
1479
1537
1813
7150
4714
8159
9690
638
4382
257
7666
1592
8815
4472
1010
3690
884
6545
6624
9287
1537
8577
4154
7267
7743
5355
8331
1879
2641
3113
1140
3156
3188
3843
1774
3088
9057
6873
3010
3716
644
9265
9850
913
699
3240
5583
2220
2229
1720
6840
9699
6676
5447
3105
1601
7005
8779
8457
3443
5063
6265
2522
3078
6566
1924
1723
9152
1904
6242
7685
2045
5896
2475
4739
2668
9217
2352
2281
5925
4065
4751
6779
6221
8364
1691
772
3002
6090
2150
8299
895
9591
3001
3510
2031
2349
7961
8849
109
6913
9866
7014
4984
8624
4094
7353
8882
8121
9557
8364
9200
3021
4837
283
727
3741
775
8525
6457
6827
5844
3049
2693
2717
8692
7639
8634
9464
5399
4976
5115
6260
8501
2781
172
524
5554
6068
7751
1613
1028
9206
4877
811
4485
41
3412
6103
5835
9408
1203
6238
1038
3396
1859
7412
7029
8118
6372
7650
738
2985
7872
8412
5006
6544
9488
2367
7932
5208
5189
8605
9421
6118
2073
5989
5843
9006
1034
2838
6353
5663
3922
9887
9126
3277
1309
993
4027
5376
8460
9630
5355
5886
4568
9565
3676
1674
6604
9173
3157
4435
1416
1486
3809
3861
9674
9671
6912
2482
2082
2982
8779
4819
1043
4318
2939
8092
6388
7392
4774
9747
9533
9070
1282
6923
7163
4768
4369
1204
4194
1570
2760
4683
2288
643
7730
8502
8593
94
1494
1456
3824
9375
458
2414
6589
6343
7993
4258
9195
1925
5567
6158
1513
6968
6771
5000
8990
3392
1245
2631
9440
2251
1220
3334
6504
2253
5683
555
3444
546
9828
1318
4434
652
3949
1462
5899
3293
5087
2866
36
3830
7299
5770
9128
3033
5682
9613
7500
1579
6006
2130
4717
8252
1929
1530
6112
2399
6846
7267
4458
7959
5519
8217
1643
9130
1777
8755
5701
1082
9583
9770
6979
4397
6688
8833
273
8852
7434
9449
2150
2775
1587
6544
5189
4016
4649
4867
4028
2798
8066
3262
3781
6265
5423
8151
820
6766
2147
235
6494
5268
9277
7964
8910
375
5522
1942
8606
3830
6065
3911
7197
8676
1331
4650
6833
1899
2948
471
1593
230
2073
9060
3842
8156
4925
1214
6749
9869
1919
7611
4588
9190
9847
4105
3785
2068
573
3855
7927
1711
7079
9875
7950
8699
6302
5498
8614
6359
2063
6877
4536
4224
3588
6492
5058
6577
650
8344
8197
1833
1430
4914
1491
3351
7862
4786
2833
6081
3144
5771
1978
5635
9101
1683
720
9668
4247
6888
8745
2656
6737
979
8475
357
7087
9812
5774
4197
9482
7771
1460
5202
6313
8838
4659
8938
5979
2312
4382
9058
6513
8028
5210
8828
6688
4763
7392
4505
4707
535
7649
5927
4954
3366
8635
1819
8321
6949
7071
2586
5232
1491
6944
7685
8753
70
87
7338
4570
5561
9873
985
1132
6497
749
3991
311
8653
9670
2723
4975
856
3526
9310
5772
6548
4108
8360
6870
1092
3028
9417
1853
9933
4067
1586
5764
4600
9509
5472
2157
8038
8604
370
6454
4449
7714
5214
1858
7557
7374
3235
5895
7491
9257
6757
7558
3251
7924
8412
3937
5112
9567
8065
1385
368
170
3419
549
2159
8353
1547
1174
5886
9088
3087
5679
2890
6724
7133
1087
3607
6620
3204
5561
6528
3159
1199
381
7392
1731
9284
1082
3426
1368
5390
7025
263
7994
7699
5061
9086
4231
5388
5858
9738
9887
7223
2022
7764
2776
1477
8672
979
7511
4605
4388
1377
5041
4679
9193
1282
4901
1758
8370
5935
9305
2968
257
8971
4449
3335
8723
7797
2674
5210
6517
3794
7560
270
67
1474
6127
1723
7092
7274
1467
7967
2647
5623
5012
9665
6969
8190
5511
5908
3892
7803
6258
9497
7743
1001
664
3123
2399
5450
4383
8942
3931
5909
3363
9937
1410
2712
5673
8793
1783
3504
8508
4773
3274
3148
9173
2482
4247
6866
6064
501
493
6799
8198
8501
2574
8244
4560
5794
8151
1136
4432
9772
3504
3579
9159
3605
1138
3406
8017
6943
7899
9548
6222
4928
2448
7250
6686
191
6455
2122
1697
527
4835
1481
1303
574
313
1778
4557
9130
7557
4408
8031
1926
6938
171
1507
1363
1601
8280
3123
7968
9603
2467
6316
9960
1989
4140
8878
7280
8295
4352
7309
8834
5124
2644
8377
6294
3490
6756
5129
7052
3420
4603
3631
2424
8627
5857
1022
2343
3314
1802
4353
2970
4214
152
9216
4406
9673
6184
3496
8595
7679
8430
530
8050
6822
286
9680
6890
6351
8253
3798
6768
8926
1249
6323
9434
8427
8548
1131
7268
7228
6912
2539
9838
3284
1056
5890
1946
6229
912
5047
8156
5358
1741
3179
4447
1127
2760
1861
4133
6512
1690
2315
723
2919
985
9791
5540
9219
2251
7651
4243
5066
4018
9016
6082
4498
9430
5118
2888
6775
2282
404
8949
9442
3097
7963
7903
5755
8218
6017
2212
8950
2516
3793
3827
6234
7873
6654
2841
2029
8725
6065
3271
1827
3777
1728
3786
7859
2559
891
5004
8813
9233
157
4525
3795
5688
2306
1800
1086
330
5472
4736
3407
4589
186
7334
386
5493
1934
9504
4779
8452
6884
5690
4864
8941
225
1857
1373
182
7776
7265
5000
4830
4529
5737
8568
3606
5523
9432
7235
6323
3699
6696
8841
6318
4459
8732
7089
9585
186
2750
4240
942
4184
8843
5318
9191
7776
98
1464
805
9288
98
6098
3045
7262
1196
1928
8203
7406
1825
4585
5837
9631
3950
8557
5923
6498
4255
8861
4630
9717
1323
956
9766
7429
3754
824
3752
9401
4999
7518
7768
7732
1513
4513
8306
1849
8387
653
6725
4696
1504
9897
9127
390
7741
4608
6142
4679
5689
3364
6632
8400
7254
6355
3255
1197
6486
5623
9339
9875
6124
6044
8951
4061
1383
8593
4922
8131
6443
6225
8669
8065
4725
2520
2307
8367
9755
3054
9541
2190
5293
3100
5544
7187
2405
2429
5878
1751
2680
5959
7586
1783
3703
5716
3569
3436
5899
1248
9866
6816
8310
660
2652
6038
4053
4480
7444
7790
1484
4354
6971
7827
3448
2508
2978
8973
1523
5999
787
1178
4900
9098
5392
1096
3302
4735
9878
2615
9837
8673
1176
8384
3412
5621
7989
153
6927
8429
6217
6504
3831
6505
647
5747
7852
1623
5011
5601
9107
1774
8523
3677
4164
3391
7009
5459
377
7375
5439
1085
8116
5759
8144
2251
8948
4111
3456
4216
7472
1410
5447
9185
7265
1732
4277
7131
3528
118
5114
5575
6526
1349
8970
2683
8398
4651
4796
9055
3507
4808
786
8759
875
5745
2550
7317
3090
4364
5989
6979
273
6647
554
8813
1850
2675
2694
9135
8205
2171
9790
9837
5222
864
4037
6239
9617
3533
2188
4056
6103
2521
246
4497
5938
8618
7364
2466
35
3480
4776
1969
1413
7350
8542
1249
198
7533
2269
5440
8881
4775
2360
1957
3752
8580
4085
4259
9395
4866
2573
4757
7939
1167
8143
7582
1333
4054
40
6122
5859
1860
7975
2916
9591
496
5403
6408
2422
4104
6018
5791
8928
5270
497
5415
2186
9793
9155
8496
1244
8352
1563
5771
9394
6801
8864
1928
7133
7680
6747
4175
8989
8107
9671
6410
1083
2703
2566
5536
8309
638
5288
3684
1310
9075
5224
3465
3459
4367
4827
1281
1420
4921
2420
1514
9526
3112
930
5670
5229
2575
2771
9721
1816
5171
4223
5295
3574
4477
9548
7104
6643
9336
1988
8243
6514
9231
2105
3470
8771
398
422
3942
9496
2302
3317
93
9366
5738
3649
8104
6288
3387
8645
6354
1226
3794
5259
417
902
4899
8691
6113
6129
5977
9063
4824
3479
8703
2869
7272
5389
4965
1375
8960
9030
4535
6775
3708
4558
8094
4071
1645
7926
7812
3423
591
2566
3670
8595
1867
7788
9717
4459
2857
4480
7764
819
3320
150
5434
8790
2031
1762
5110
42
6637
3590
2042
4322
4517
1891
1498
9887
384
4492
3113
5336
7288
4255
13
7349
5176
9772
5427
7677
2256
9678
8375
748
3779
9134
5105
8142
4122
6472
5806
9173
27
7561
8263
9879
6530
6910
5019
263
135
2705
8042
9576
217
6058
7621
462
4515
9215
2056
5455
2937
1126
4211
8610
5479
4082
2204
4006
3381
6271
7298
1910
7190
624
4275
9657
2662
9788
4624
9031
3907
6470
3675
2199
287
9429
5747
9385
6046
349
7444
2100
3165
2601
604
9845
1419
9494
7527
7279
8422
480
7155
2520
4059
1910
4899
3467
6712
9208
4535
3428
3809
8553
952
3126
3884
6105
1105
9606
3740
4467
7415
2289
219
5205
8370
7534
1325
6009
9095
9450
2886
7681
4109
7231
2644
3285
7985
2038
6161
8580
5771
5353
3021
3240
6551
4018
5827
9666
1915
7106
2633
6932
337
4878
6201
8787
8094
7578
6666
7668
5229
4188
1626
8365
3853
45
8527
8472
1202
3853
2573
3636
4111
8789
9870
7320
3323
9199
279
1461
6023
1748
5346
5067
7203
1760
8348
7907
9567
9914
7728
7111
6291
6019
268
3419
8089
4277
9289
579
98
1528
2782
1978
1559
7144
452
8077
7297
6052
6702
1753
6983
8053
2657
9206
821
9263
521
8890
4081
1588
4643
9800
5416
6189
6365
7283
4839
3517
9288
1484
4123
5146
2637
4908
976
8273
7768
8310
1731
7794
3538
7705
6433
2652
8989
5464
7591
3810
3708
721
7239
475
313
2437
3212
4013
412
568
796
9881
2001
6167
97
4412
764
734
1653
5080
4965
7933
4595
689
7555
7635
8293
2472
4851
1406
9507
7048
7897
9350
9762
3398
4646
8484
8379
7362
4030
250
2754
789
2608
5855
8876
6481
3086
4832
3788
4457
2486
3559
5002
5327
154
4302
1887
7892
2821
1687
1550
4838
6046
2035
505
5313
1740
9224
7825
2002
5080
9864
2037
8961
920
738
7738
2028
799
5849
8940
5294
503
3960
4028
916
5721
2238
3481
4906
4594
4077
5775
9328
5067
2839
8009
375
7821
7636
8956
9873
9486
9595
366
8554
372
1267
3582
4856
3474
432
8288
2770
6958
3806
5582
4947
6694
3532
6594
3170
4250
1588
6608
6026
6926
8869
4381
4922
3259
8195
2119
4550
2572
4098
9826
1733
260
2368
1291
5242
3453
5040
1135
3584
5905
820
9896
9792
4686
6521
6385
1738
7004
208
8368
8811
4152
8518
7734
8187
1694
2091
2574
7714
2974
5204
5798
62
8033
78
4026
1084
5566
8059
8890
1562
5543
4650
3357
1662
615
8241
2030
5883
1226
5300
1097
4155
1050
646
2669
472
9255
7979
9971
7790
6253
6548
8187
6856
1404
3746
8102
8493
9335
5654
9956
4819
1461
7139
3400
8136
9669
1722
3023
8287
4733
6919
1111
641
9319
7016
7460
312
8485
2967
4325
2499
7999
4537
5134
8602
6473
732
7289
9263
4167
3468
2938
2423
4276
6881
9792
2930
7551
5173
9033
9584
5870
1863
9581
9257
5317
8903
9833
2223
5220
4159
7503
6905
7444
2534
7631
3515
1337
2121
3250
7595
8494
8883
3809
262
4401
9105
5796
8142
4196
3654
1469
354
3392
7985
186
5889
6703
1882
3344
509
1361
1404
828
5658
7181
8980
8510
8100
1887
7824
7748
9823
606
4038
480
2109
1579
2225
7852
1059
6579
3118
2565
6951
8285
6967
8648
3366
501
7770
5877
6557
8522
6915
2319
3957
4923
554
3810
171
9106
6226
4021
2747
4790
3034
4728
7635
5079
6999
2424
8898
6383
6989
3521
7679
765
3473
6799
7437
2214
3849
9385
2777
967
1593
901
1314
1336
7660
5536
7069
9835
8194
7512
6858
2566
6547
4993
4257
3231
3931
778
6959
7834
9197
7590
4590
526
4419
1386
2033
1501
4755
5498
8200
9720
5594
7032
9877
4377
9642
1014
5005
1892
2602
8095
4790
4256
3440
7450
3294
8340
6725
1264
8579
2143
3137
8338
733
8790
1688
2511
2328
7980
9118
645
5550
329
7925
5436
4784
3049
7747
6524
8102
531
8682
526
3015
1958
8070
603
1069
9795
2635
1371
6131
5250
8151
5405
4992
7727
3564
9237
8688
6031
4649
5010
3151
5484
3654
6114
1908
1558
3480
6713
3627
9910
979
3019
3434
2550
7305
3701
8795
3526
4497
4532
6032
7843
7625
5304
1767
1536
200
195
711
4115
6330
7033
3307
3152
2987
3359
3791
6265
1824
414
502
2673
2879
1721
9887
8793
7879
1270
1042
2115
9874
8038
5671
4002
5694
505
7891
9717
1848
32
82
3264
9354
1451
239
6637
5105
5806
4339
9638
2269
1577
9180
2523
1499
8705
4401
8386
4110
8352
2804
959
8744
9198
7298
97
9853
4797
1242
6986
6259
6801
9313
2115
5148
9784
3725
9424
9165
9245
7537
75
5209
2560
9030
6709
2260
9106
9208
3318
5174
8304
7661
3580
3363
622
9205
7496
9088
1853
2574
3927
9870
1667
3260
1585
3998
9200
9906
1737
507
360
9643
6214
3001
3329
6536
4189
3681
4069
4510
2084
4480
3913
9267
8236
3307
2490
2713
151
4379
3364
9144
7273
4731
7021
3220
9281
8638
6397
8322
3890
2604
2379
7062
8572
4135
2453
6362
9243
8328
303
4378
625
6862
9255
7441
9383
9459
4309
2651
5072
8761
1231
3945
9624
1501
7638
7265
6566
3584
5058
5849
2842
4005
9759
562
6833
4096
7700
6783
130
8243
2484
1435
2000
3958
3069
1397
6276
7123
1903
8078
9150
6536
1271
6460
5553
7384
9503
9396
771
479
1504
3059
8720
1753
916
1287
6403
5104
7535
5638
4690
4699
5147
6171
5792
7832
351
8605
3287
7396
6152
1983
366
4014
3790
7114
5761
6131
4237
666
8457
6260
7008
6307
6255
4044
4821
784
1155
9104
7715
8597
9759
1122
9325
7602
2247
3016
1397
4886
9599
9823
8857
5349
7332
3405
4481
7465
1156
1351
2512
1636
1710
2596
7840
1275
9901
1456
7652
691
7921
5343
533
7446
7883
966
4127
1314
3917
7148
9945
4445
8610
5446
1512
6820
289
6205
8363
8703
2265
900
1175
2885
5332
3516
2794
2679
2785
3302
9223
5449
504
7226
484
8770
3466
5882
9493
7103
3458
3865
8360
1446
5799
3717
6671
6932
13
3671
7627
4825
9360
9649
6426
2547
6525
9191
4961
1581
5114
1431
7656
9108
9492
1462
6085
2479
6306
7840
5216
8737
4329
1546
2585
233
6209
1049
3232
7353
3274
329
868
9180
6488
9764
7370
9378
9349
5686
4634
6921
8352
5235
3177
9699
4101
5635
3175
9222
4794
8010
7271
2286
2011
4814
8726
7990
3779
8261
5026
9446
3396
5502
209
7049
9207
9406
7902
4102
7983
5667
4744
4538
6176
6950
2252
8772
6429
7918
7327
2580
2537
2238
408
7002
5952
9464
689
9106
7719
5320
6421
7403
4607
3616
1281
9047
6078
5349
6668
6426
3531
6361
8372
8189
4378
7933
1702
4055
8935
6472
4447
6886
1403
9150
8891
9422
7124
7731
5031
6745
1409
6868
1430
5498
2789
3360
2398
202
276
8169
982
9894
3019
9327
9817
9378
4749
8
9353
9814
3400
3468
8383
3043
3929
4912
683
4292
2632
1344
4850
4566
1196
3332
3851
2493
4721
8002
9074
5339
4479
9791
4094
5116
6162
3826
7441
9122
1663
7563
163
2990
3865
8962
3216
8161
1117
1212
7105
4636
5689
6174
3158
8839
241
608
9335
470
7963
160
5037
8782
6905
8413
6502
5775
1049
9690
4743
1184
1645
3534
6222
1693
2727
8835
8372
3850
4261
2759
6
8337
7587
917
6008
8025
7201
5250
6679
6584
8488
3956
4059
1129
3149
4922
2395
6676
4559
5022
7082
795
5387
8070
5694
8269
5299
8572
5086
7837
1130
9836
3856
1489
6528
5291
2050
5704
295
7073
7823
2547
4135
710
2761
5680
8929
5300
8876
7026
1188
5260
8850
7199
5121
5182
1760
9147
9173
3681
9080
8297
8090
6309
4016
1197
9038
2092
7963
6434
9126
8898
7516
791
8776
8214
3503
8872
1653
1529
6417
6664
5638
1275
9183
5214
4036
4177
2590
9775
6904
5021
324
5853
3629
7873
2554
4648
6308
1327
7025
5080
2536
478
8402
3845
3094
8723
7287
7840
1055
3966
342
7862
2195
1739
6009
3208
3074
6737
7535
8252
895
5879
5528
8876
3572
8042
2991
8622
8406
4921
5256
8164
165
7786
3162
6309
8166
1258
4118
1637
7115
5792
3317
5609
6185
8990
9818
8167
794
5702
8014
3560
9088
9678
261
890
4374
7846
6419
654
992
8076
2377
8359
1667
1561
8443
6410
3973
6069
5435
9091
9845
9902
3554
7015
9496
2705
8546
5489
7878
4843
3950
4125
2830
3529
8352
2588
8297
3717
8140
5377
4508
6156
7469
650
5714
9884
6169
754
1086
7111
7756
5500
873
273
5178
1917
5148
8745
5132
8793
7254
574
841
2309
4683
2859
7608
8542
8841
9501
8720
338
4841
6109
2662
6276
7264
3464
921
7883
7508
4960
8482
1394
6149
6817
2812
4814
9299
3752
6023
5359
8056
4382
2718
6835
5341
575
7676
1347
325
6617
4898
9913
8947
9099
5036
1368
9773
8948
241
6511
2386
3428
9363
3174
200
1152
9834
9376
8176
3626
6839
6168
8234
2617
6505
7280
272
9665
8986
4011
7407
3914
6460
821
8532
3079
5232
1394
2746
1479
2016
2265
8407
9103
421
6100
8571
4538
3981
6401
2204
7518
8129
2621
1940
6213
258
2945
1466
5865
463
9117
5956
1947
4967
1874
5331
1468
6400
4673
8146
7838
6469
3735
6586
6042
5939
3922
6591
773
2917
7771
9912
2019
1771
7370
8698
5010
8441
4722
5417
6953
6318
8787
4226
1893
1660
4394
3110
8546
864
1859
1074
275
1753
3060
5627
8141
4575
3589
7185
4457
4994
4537
1186
6544
5867
3077
8897
430
7137
4929
6901
7336
4586
3347
8169
5605
1764
7631
7704
9
4519
323
1857
391
5895
6250
6705
3161
2056
5419
8123
7739
9443
8383
236
5044
3329
1598
5997
6990
6580
3610
6365
728
7206
4641
9792
2578
6145
9783
5407
6102
8393
5472
8147
8106
6711
9347
1810
4393
6720
2704
1278
4356
4380
5315
4940
7798
8186
683
8456
593
8557
3249
4394
1873
1624
7118
9524
9922
2857
7070
7290
5226
7454
6724
5857
9592
7462
846
6302
5936
3145
6463
2817
2180
2878
4743
7027
2613
6385
3226
9715
659
3712
5574
9193
7697
9268
8843
2798
1071
7661
3610
9505
9411
2534
4819
2666
1907
70
404
3563
6631
5169
6276
3912
4776
2798
587
1546
5913
8607
5392
3201
5503
4813
5568
9646
8505
3463
8578
837
2958
2590
8704
5829
1199
3086
634
8354
8123
8049
161
5088
5934
3048
3899
5251
6364
6930
8490
6878
6160
873
6254
6206
1126
6649
4058
470
2190
6708
9615
8110
3095
5989
1915
6941
4865
5240
1443
5027
4819
1247
1833
8186
596
9530
5856
399
8441
6396
2809
7452
8779
1086
2026
4171
1558
5186
8255
7197
1691
9441
3748
2452
314
2966
330
9676
9196
3060
6725
6135
7500
2204
455
4581
2820
6025
6272
514
297
5561
3329
5901
174
9785
508
7374
1915
834
6714
4574
4265
4725
2216
6492
1180
8165
651
7503
1356
5953
9441
1369
9293
2182
6108
5889
6725
6769
3374
8555
6851
8388
6647
1490
8829
7552
499
5969
969
8577
670
1114
9353
1681
7981
355
4455
2540
3171
8109
9239
3462
4688
9613
7585
9205
9713
2128
2529
3064
4074
6487
3877
7806
2198
441
308
1879
3107
637
7529
1626
9186
3491
9349
6793
2625
9909
8023
2801
955
5540
9312
3013
5321
7355
6679
8023
859
7558
8622
1486
8322
2725
6624
6868
9259
5158
5119
7614
3025
8879
391
9370
8318
7193
141
8602
9736
8411
3480
4918
6886
6879
7638
8640
6814
2133
8175
3936
5579
5819
3576
9227
3223
1221
7013
1644
3602
1790
6847
2156
9447
7512
9397
8197
1429
5398
960
6802
5988
894
2136
1205
8432
2115
1986
3848
4624
6430
5571
6955
4971
1166
5091
9436
3224
3062
5921
4459
5530
147
3420
3507
9823
1443
9444
9382
2278
7612
1854
6143
6034
6056
6481
1349
768
6759
4998
6315
7779
6829
3772
3325
6336
5834
4562
4555
5815
8235
9636
6157
5103
8111
6191
3176
8401
8379
5970
6589
3494
9610
8467
8294
3914
6460
3830
8596
1446
6089
1018
6033
8031
1507
1598
2633
9926
3509
1195
7725
3588
9540
1601
5588
3769
1
3401
6288
4359
100
7234
6376
2566
1592
2630
250
2550
6765
9734
9313
8740
7210
6314
9266
871
8247
700
6703
4783
9309
8303
8832
7613
3281
1282
7609
5862
1375
5509
1480
2725
8676
5529
5888
3691
9958
5886
7929
4332
8464
4816
3607
9328
780
1016
3233
9026
8182
9816
4581
6733
1525
8097
1015
6030
8997
3820
9794
697
2385
3272
5031
8216
4233
9284
4839
6410
6637
8287
5159
9672
5255
1984
4259
7119
4522
5510
1205
4217
3930
9609
4328
654
5808
8326
6091
5306
7011
3433
8514
1514
5868
8849
1019
4754
9401
6254
8075
4262
8290
2814
5098
5313
7028
9870
6667
2497
9650
436
3846
6959
118
8924
2808
1960
472
2749
4077
2601
5343
6749
2487
3738
2920
8166
1107
5351
3863
2727
60
9776
4662
3857
4180
8253
1446
6845
74
329
4313
5653
2109
223
7085
6130
4694
9388
7064
1092
145
1031
5353
308
5818
2068
6286
3875
3909
7140
9708
6662
4878
36
7036
6469
3424
7062
369
9478
9831
1396
3756
7437
4638
8184
5197
3468
6986
3167
2712
1281
7035
437
1034
7863
1095
873
7957
8821
3063
3485
3870
1124
6746
4079
2502
1038
2906
6528
9845
8004
9030
9914
3657
1845
7791
8914
1231
5906
3334
4080
8417
425
5345
241
6557
9916
9852
4501
392
2132
7717
6695
6999
7861
8777
2365
6566
5450
5360
3307
1801
6633
2286
6887
9823
6817
6357
431
6252
5932
9562
4777
6678
7062
5084
6922
5933
8566
3234
6838
2707
884
3853
8561
1054
7024
5711
7612
2063
2469
9752
8482
9952
8136
7232
2643
157
4932
8719
4785
7942
339
226
9781
4457
6507
681
3109
3416
6158
5401
9799
9079
6865
7273
2542
2736
756
8075
4694
305
9881
2318
5257
9340
3357
7842
2184
2625
3784
8477
8779
1985
2458
9418
8966
5160
903
3763
208
356
1119
5885
3049
4662
5263
8163
3918
8570
3428
2961
6203
5254
6205
3232
5995
9839
3394
8575
3194
391
2465
729
7078
4123
8789
3262
5911
7624
8635
8281
1264
1616
7956
6891
317
5
8238
816
2592
1453
2572
323
4758
6453
2546
5044
5261
9851
3905
6986
2386
8576
5692
5951
5638
8799
9911
1870
2221
1194
7684
7071
7380
7879
8087
9299
6666
1029
3109
8665
775
3961
9868
8243
7598
5065
4182
4541
5983
4210
8548
4503
5707
3018
2133
7795
5479
5786
9421
3702
2204
9125
5886
7184
8956
6585
8187
3393
4026
9291
4488
3015
4571
9875
9573
7474
2793
1175
2055
6906
8613
7320
4525
1437
2771
6386
431
4421
6489
3255
2194
1987
3990
1302
7049
3655
6937
1648
3086
6158
895
5612
9777
8727
4026
1157
4070
9856
4496
4817
9409
5798
1979
9930
3584
6203
9501
2625
5893
6864
8255
7304
3184
2945
5469
259
5468
7579
3046
7336
6005
7432
4800
4079
722
9392
4385
7611
8845
8593
4823
2544
5570
8351
6431
110
8314
7963
3317
1016
3690
714
5632
815
6772
3051
1650
6191
8583
5760
8867
6257
2545
7438
7332
2865
3658
8773
7538
9199
3449
3018
662
1044
3904
1916
5180
4844
2909
8175
6843
2249
4543
2606
4165
5750
7843
7451
1172
6590
2566
5533
5317
8782
6319
7574
2173
4914
2276
30
7868
3110
3979
7513
4542
6998
3169
131
8291
669
3295
877
7509
9154
3029
4392
9675
9386
545
525
6980
5632
5186
6898
9747
6411
626
7789
7513
3676
3279
5806
3958
4274
2020
3401
6190
5786
7367
226
2614
6626
9239
1297
6271
3767
1724
2556
3496
7957
1016
543
2886
5779
1663
7715
6641
7958
1456
6737
4824
650
4278
3908
3508
5089
9405
6124
3293
5052
5639
4409
2541
1393
8577
2406
349
2935
6520
2241
6375
4809
24
2441
2410
9063
6562
4993
3720
9706
994
1106
5758
4874
9769
9944
3152
4226
345
1829
5381
131
6709
9461
4100
6322
1836
5567
9185
2597
5473
9867
8349
7235
8238
9302
717
3531
763
8850
2940
4289
1644
7545
1415
8634
4945
1205
3421
4945
1262
2017
7603
2127
1199
2292
9877
6392
7488
8513
7418
3180
6347
127
3286
4418
6183
3093
172
7367
4749
2697
8102
1663
9418
175
4238
5404
1844
9443
5519
6913
6711
9476
6760
6687
5741
9773
5394
2078
8682
5029
2855
5511
5350
7682
7046
8336
3396
7170
5627
3363
1449
3193
6802
9407
8128
5412
6407
9878
9258
1770
8476
8174
7194
3749
9514
3171
1645
7033
4126
7314
2452
709
8675
1221
1259
4579
8066
7010
9911
5088
313
9804
621
7677
5197
5165
3451
5281
4422
6085
838
2112
5360
751
2160
4397
2366
2810
2628
3172
589
4751
7767
1288
3909
1491
8226
7244
8392
8573
8106
2156
3297
7156
5298
5482
1179
8664
4348
6736
3411
490
2199
7292
8561
4695
2179
1361
1361
2164
6269
3215
3279
2263
3406
2418
8658
6356
3065
6379
7808
8778
3141
5719
8825
285
9118
9060
7323
6376
6598
1009
6984
3015
3395
7851
9901
747
2705
3971
7
5055
8751
4275
789
5634
4278
6062
8260
8875
2914
339
4793
4902
7736
6161
3304
6228
6767
6271
3646
1977
8682
3884
4822
3558
2445
7488
4606
4884
2969
4288
2332
1556
7495
8191
503
7688
6717
1968
5866
9072
3451
8878
7979
8036
9013
632
5161
5218
9928
4374
5633
2811
6052
6260
8487
4096
7840
8305
6881
8875
1308
1943
148
8820
3516
3403
2922
5637
7217
7499
702
1320
2286
2533
1915
4270
4500
4524
7815
9931
1112
9840
3662
9099
9673
5507
6274
3037
6496
9775
6298
3078
9545
9605
1194
8842
5787
7802
4419
2810
2303
7386
2943
9603
6128
330
1808
832
6217
8200
3447
975
2901
8534
845
6367
3077
1418
9047
3378
8575
1718
1244
1915
4529
8100
3675
1720
8292
6551
1592
2645
6781
9970
1264
8872
709
600
1581
9407
5001
1539
9932
1197
7590
7571
2475
3027
8193
8942
7037
5203
5638
3918
2308
6145
3946
4342
5839
1471
1573
1777
5954
7601
2341
1481
6972
1524
4550
8080
2568
2466
8386
6858
5915
2318
74
7682
6720
1414
385
5000
6609
4738
9327
2891
5337
3068
2595
1053
8609
8371
1522
2250
5186
8475
912
689
1299
6775
7243
9818
3975
1020
7497
6415
4174
3731
2068
7945
8135
1547
459
7893
5140
8678
8682
2896
3358
4151
3277
6578
4074
910
8804
6064
4264
9829
7338
4791
3563
9540
9859
6295
7610
709
4642
1225
7670
8141
5697
8046
4981
3415
2219
2220
6329
4908
3787
8439
6101
3393
7123
6735
4938
8193
1490
4350
7702
8389
7834
6912
4127
8082
658
829
6565
6329
7227
1346
7764
3216
5696
8044
1026
6240
8791
6622
8211
6016
6119
6234
3576
7379
5879
5304
7121
260
6255
6332
4480
5956
3577
379
6870
7312
7842
3275
4044
2904
2119
1191
3673
9369
4344
9649
2898
811
5173
8108
3519
9604
392
4741
8507
7402
3229
2391
9409
4319
3922
1250
2496
7920
752
1179
768
9709
7379
2774
8325
5835
7919
2042
302
3357
9327
696
470
547
9671
1116
2430
4057
4296
8788
6382
4568
4955
3542
9042
8983
2992
1593
2384
7387
3621
1461
1944
9322
6849
9789
1191
5686
3021
3826
932
974
3727
1668
6072
5352
7145
7616
409
7455
9528
6566
8238
8936
3510
4263
1791
5954
7883
8689
8197
2819
9470
7550
9139
3577
2198
2304
5103
1656
255
2514
512
7625
8664
3212
4623
1673
4441
3997
8911
2933
2450
3791
5797
1125
8207
9140
8857
5291
2916
5803
6103
4219
8606
7418
9440
9734
6289
4102
6526
1021
6941
759
7967
1883
6900
6928
6884
9000
4486
1317
3279
4428
8410
533
16
1832
6731
2664
102
8639
3639
6518
4135
6478
5706
4622
9689
7636
9881
3568
1651
4677
9570
5001
4221
1770
6125
5167
9867
3510
6891
5253
2442
9360
9481
423
6324
5169
4204
4035
2941
1231
2015
1097
1008
8902
2242
4050
1780
5219
19
698
7980
2816
4089
2901
882
5521
6507
4942
2964
9939
6679
121
8122
3813
4510
1011
350
5702
7263
5842
1603
6416
488
8567
7341
8939
9103
9771
2132
7651
8901
1263
94
6904
2572
7349
5545
7255
8620
5421
9077
4687
5209
9668
6038
7100
9957
231
3554
2279
7414
9371
7577
5358
4093
8086
8019
3914
3430
6684
8051
7196
9065
9658
6530
2621
1911
347
7016
8286
6335
9081
6820
1106
7092
443
6440
5906
7562
3580
3890
4081
203
9567
4141
1012
4201
580
6218
3790
3861
5133
174
2288
5760
4514
2455
8821
8047
6729
9772
7979
5224
8038
1201
5902
1509
4095
6889
8987
6981
6456
5135
5546
5912
1567
2741
7172
3950
9946
5385
7943
2685
9509
9732
8264
4493
2182
5341
5196
8618
3324
2302
7980
3013
2587
3926
9145
3307
4108
4619
897
9106
3201
9644
3613
781
1157
5963
7803
1366
8245
1254
4226
4702
6987
6942
7215
1327
8714
3135
7254
1857
7565
7161
4743
9648
2326
5919
9705
60
8830
8390
1580
847
5670
3682
1810
7733
4415
8612
1378
2412
1738
3588
9917
7004
8049
8844
5077
7846
8181
2133
8197
5685
5497
7336
3480
980
7983
5209
9968
6025
8670
6305
4828
5874
8628
6899
8381
1087
6882
9845
3140
465
8249
6037
4735
5834
2122
7474
1178
7046
8595
608
1266
5912
7345
7699
8511
9172
3888
7491
4804
3371
9152
2419
2320
6945
6135
8285
5838
3023
1597
3064
3941
9741
2298
383
1888
8125
634
6606
1947
6717
968
1290
4422
3581
900
9829
930
1445
7163
6268
8670
7455
574
1889
1233
3557
3414
773
1556
6645
2930
5673
4693
436
6030
5777
2081
5718
5459
8561
1282
532
7436
4671
3104
6354
9034
7163
3974
4082
8910
9805
4644
7663
9454
2310
3435
1122
5055
2583
6063
1217
5207
3139
7815
8584
8362
4582
6175
9059
9792
267
5377
9182
2902
4310
7618
3169
3646
9267
5966
7823
2552
9597
9187
6008
825
5528
2734
8370
9609
6914
5222
9721
1415
4706
5924
7919
216
3117
1722
4099
9623
9009
4858
566
1673
6943
6068
9666
5067
8468
8478
6214
7673
3248
3373
815
2595
4005
5689
9904
4880
8747
2490
2059
6315
7428
7658
5952
2317
4450
5685
1191
8637
3357
8461
4528
9803
3382
5260
5811
4074
5195
8496
7187
1456
7283
4346
5388
4125
7966
7303
4711
7320
3903
7760
6479
9243
9499
8588
4460
7440
520
4405
1321
9006
91
6591
9092
3287
1440
5594
1639
5141
6707
4966
2540
7744
1508
4081
4285
7267
3250
5927
7159
9713
4765
1864
3345
4760
5289
9548
9278
6984
4080
6868
9277
9490
5067
1196
3587
7991
5683
5709
8169
3431
8504
3436
51
3346
6531
9385
2524
3947
3989
824
3260
248
6778
7235
3742
3678
5211
7598
4474
6841
1624
5374
7549
9328
5198
8036
7484
282
4114
3217
9833
1107
942
9630
9454
8997
1415
2862
1326
965
8171
7166
8773
5582
6047
6547
4260
1019
3957
6634
9097
6855
7750
7440
8131
3985
4931
5538
2535
9522
487
5556
8473
9468
4634
7123
1397
597
6818
4736
9
0
-1
8251
5461
7165
7880
8496
1596
4993
1945
201
9865
2401
5146
3975
4002
853
7158
5830
7580
1003
5681
4375
8533
3183
7536
3778
9264
7669
9522
715
9909
8081
3230
6521
8395
9861
3495
8344
6728
1074
4620
9913
4691
5231
3971
7574
5913
4962
2545
1850
1420
9554
8460
5032
9934
6502
8637
3173
2350
7249
5680
9856
7683
8085
8541
4006
3576
7640
4022
6390
501
7284
9520
3146
7481
9148
9658
7782
462
8484
7622
567
9310
1851
9499
7855
7842
2932
724
6146
3652
589
9020
2032
9301
5347
2826
3322
1682
2739
2123
1392
9495
1351
2586
4100
1959
3825
1510
8792
5049
2226
7822
5796
2121
6645
5258
3132
5185
6129
8416
7159
1153
6506
9296
8538
6103
9558
6800
4985
7825
9743
359
3127
3643
101
7217
1256
4592
3489
5006
7156
5423
5655
8762
495
3353
2967
6751
5726
5735
8166
6917
1337
1322
7946
9171
4589
7165
6293
2481
4454
1488
5108
3084
4853
2029
2657
5417
1472
2560
6263
9241
9432
6153
3649
4628
1382
8941
5921
2707
7310
4263
693
4364
8262
7338
6955
9593
7703
197
7160
819
5559
886
3262
7829
1037
5282
677
1404
1681
1495
7995
2633
1947
4931
279
2305
2856
3802
9373
1852
124
6883
2213
5762
4914
9210
2930
5592
9275
2030
1976
7013
2260
9662
984
6432
5472
1335
8417
1322
2694
965
3225
4847
8155
4637
4241
6943
9878
6871
7588
4324
4948
2134
8316
4516
7328
8889
5717
5976
9060
9180
5826
2700
497
7212
8707
5436
3897
4770
8450
2901
5458
7534
4856
1562
748
5410
5266
6832
6128
5583
2469
7542
8701
1537
6986
8273
4291
1777
4459
7375
8911
6767
4252
8961
8921
6072
5010
7800
595
3440
2349
5159
4471
8136
8790
6058
2720
766
5838
8900
1777
5520
6928
8574
1571
55
1036
2138
6655
9836
3469
6418
9639
8639
9419
9959
4605
9882
5208
1563
3190
4298
1787
5376
8806
5424
4551
940
8485
2967
548
1843
2390
9967
6855
2901
1000
1225
2469
8792
9018
6085
4996
7369
4280
8816
6040
3571
4981
344
7749
75
4109
7031
702
4274
425
8566
2842
7516
8802
5120
1883
8932
6104
3996
5334
523
7312
7241
5903
3364
308
8644
550
1867
1458
6614
6544
4696
2124
3744
2278
7970
5436
6090
7150
9406
5109
8200
315
1711
5902
1167
1321
1644
6508
7900
8652
6765
5985
9025
117
9911
4082
1660
3823
3040
7537
2835
4124
4259
6801
6853
7176
1
253
7310
6479
301
2990
4162
295
3807
2138
5956
6852
3074
1918
3564
5240
9099
1549
3475
1630
3688
2307
72
4282
3526
7771
7254
3697
6401
5915
6345
4662
6459
7110
1147
2245
4845
9343
8363
4208
4053
4892
9024
9001
2004
2486
1200
6803
6835
7713
3900
9043
2847
6868
9640
2092
3322
8682
8361
3111
5431
1532
7113
6560
1931
1228
9804
7480
4349
5294
4860
3584
4764
1755
3158
9417
1785
3629
5279
9591
1343
4356
4885
6391
8693
7617
5763
7823
5230
9089
753
9834
2323
4154
2609
3154
8308
1781
2656
5866
5029
6895
8600
3146
5954
1497
4156
8146
9337
8520
7409
3122
5241
5580
638
9825
605
5100
2386
5109
2143
4691
2783
8949
404
403
9706
3155
2344
8341
4147
3918
6939
1977
3465
174
6542
5316
3815
850
1109
2019
2810
1460
318
7207
3767
8811
3116
4946
9095
7487
3347
2447
2882
7193
7777
2904
2632
3684
18
7016
4304
5003
5758
9760
9018
144
5572
9383
5825
2386
5451
9564
2230
6382
8800
5279
2888
9256
5124
6720
6241
2647
3715
3995
1828
2476
5802
8741
1969
7522
7293
9732
8483
532
3875
5016
1826
651
1329
8168
708
7455
5892
4374
4293
1743
7251
6526
6328
9092
4786
8954
467
3773
2842
7319
7863
9086
37
8570
1653
3235
7128
1415
9697
9384
8122
4717
3137
9141
248
1071
3884
8546
3207
1334
9292
2529
9687
9383
1508
7145
8316
1013
310
6943
2083
5049
9875
3460
4573
9732
8517
9816
4722
2656
2993
6061
9351
7363
8155
6090
6635
6976
8397
9960
5677
2814
4936
6375
1463
9823
7893
4796
698
2223
5227
3957
9935
3311
1282
3236
889
5656
115
1592
5547
446
7314
4328
4428
9339
7863
720
6284
2248
9910
5908
5291
5182
4651
4762
6245
7129
2166
5983
3530
2107
9862
395
4073
8193
4550
866
6276
2199
163
3494
8182
9688
1058
6141
9374
6870
9788
2761
8113
1560
6837
7322
5831
1256
6351
8650
5713
651
5953
7096
7754
922
2293
8028
974
6773
5616
3980
9190
4183
684
5496
3000
7978
1
3229
7429
7821
8124
4220
5212
7521
3559
4173
3430
9035
1386
4469
869
7280
5786
4637
5723
5927
8291
2301
9390
7700
1392
9060
8091
889
5882
6212
377
3027
7099
1400
9367
4636
3912
1898
8716
7962
5131
6566
8062
1318
8565
7576
2926
2527
1765
6836
1105
4958
947
4767
2690
4919
2782
932
7787
6699
1290
4432
1983
969
5231
9458
27
355
4610
5141
2434
9682
5159
9236
6945
3612
3405
5374
2366
5855
2315
2843
3522
8953
2335
5167
7126
2224
1958
5033
4855
8009
1361
7127
2979
3926
2019
8584
654
8099
78
3585
3258
3571
8716
3347
8201
5374
7871
4946
1820
1862
6155
2529
1012
8161
8255
7852
4828
5125
1550
4845
2781
9088
2339
4810
9903
981
4474
293
330
2523
4143
9353
5661
861
5883
6828
9766
678
5355
6863
3504
9794
7910
2572
9762
199
9498
682
3306
1840
6299
2627
3230
4890
7342
3542
8504
4306
7214
4846
177
7321
6477
9561
3556
7733
6956
4088
5064
7946
8382
5615
1481
7287
9712
4568
3686
6464
8836
4349
5894
8259
1969
4996
6241
1028
2525
4497
2559
1508
6380
27
9945
5324
9192
6693
4671
7759
6946
4681
315
1871
6157
4157
363
3060
9383
7226
2167
6408
270
2956
7464
1066
9774
9348
7614
7821
9757
4014
1001
9910
6238
6341
2627
7271
7383
5304
4658
5933
2833
3736
1884
4380
4617
7984
3490
8955
6788
5866
816
3112
3343
9518
4272
2361
1369
2819
504
7741
8589
5393
6260
7430
2476
4525
7741
6314
3813
8602
7694
3530
2676
502
1343
8472
8557
2647
3202
9809
6171
4800
549
9542
2615
5988
1522
1661
3989
3221
863
9109
2381
1110
1364
6363
2660
102
7236
5083
4653
2108
4298
2981
6533
1027
8575
4270
2817
7456
8462
7118
4233
2088
5391
5256
6210
9304
9136
6096
8811
8407
2809
1515
5989
6593
1639
4301
9305
3354
1312
9588
7625
9634
8505
5591
2803
5198
97
6139
3545
1732
74
994
8502
6551
5017
4804
2272
8067
1649
6887
743
4252
901
6229
1267
6882
9794
4006
7562
4076
251
1308
2108
3096
3819
928
5763
4645
9859
7418
5028
6701
3726
6808
4079
4942
863
6221
49
4313
6520
3904
7762
4559
237
6979
5823
1501
8887
188
1227
8377
5712
1823
2526
9733
1404
4287
5825
4646
9333
129
1509
5062
4791
7808
4923
1547
8249
5762
6824
7125
4285
1991
4443
8916
7634
7686
3890
4847
5082
1813
6716
4208
4122
1380
3899
834
3225
2299
390
3297
8376
8321
1975
252
8874
642
7055
1058
8419
8073
5591
3089
8305
9206
1217
5988
7112
8710
859
4310
3542
1037
4795
2795
4015
3729
7790
5819
2430
3635
1862
394
2173
9319
1548
93
6152
2911
8839
4565
7640
8129
4676
6555
2913
9434
2960
9697
1274
7994
254
2668
8716
5373
6008
5959
4445
9278
5268
3877
4991
7972
2141
8023
4685
8405
9133
7999
9903
4951
3064
6286
1767
8237
8094
3337
8032
8168
2100
2782
6393
7525
8637
3133
5675
3340
8609
6705
994
296
3801
8596
2803
4287
9217
8089
4428
7550
9084
2216
2292
4721
8339
1285
1463
5056
176
6862
9054
9685
8744
8811
9962
3678
334
5627
246
2404
8421
8771
4162
2813
3458
355
5493
9265
9479
7163
7841
4554
9272
526
8484
3514
7160
4716
4030
6619
5429
1785
5547
6696
2800
2618
9408
6022
1088
3948
3058
4005
868
6453
6623
4658
1042
9965
3575
2211
9797
3939
2078
3521
2085
2435
8267
4549
2709
448
8621
6871
6987
4845
2518
6327
5389
6445
9217
9836
8959
6317
3412
107
6649
9914
3505
89
8468
2961
3152
510
6158
7076
4387
8889
1957
3168
364
6781
7340
3026
5008
9083
3251
3483
1522
1918
5874
4122
7983
3258
7728
9628
8562
558
5085
6591
4679
3673
8183
5298
9048
1271
3102
5006
3018
5870
9827
7000
7940
2054
397
2936
2689
4098
7624
1027
5146
1965
3852
3962
1836
2716
3961
4578
691
4385
7571
881
5141
4002
1626
8532
9874
3944
9128
8301
3075
6596
4223
9931
6698
2193
266
6484
8742
3603
9139
1993
846
9596
2900
5473
6788
3085
7747
219
9303
8941
8208
7471
4404
8625
3332
1757
7194
6049
5949
9725
3583
302
3637
6366
5789
341
1502
236
537
2275
6303
5939
7138
8821
8666
5068
4295
5752
8158
6708
8520
4622
7762
7402
9015
4175
5523
6474
4279
2161
1779
1060
7810
9101
9968
4714
8871
136
2415
7709
3006
4134
8364
419
4954
1334
2342
8363
610
6520
3983
56
5991
6109
8392
4147
3620
5620
7823
1487
7408
957
1587
8863
7038
6857
4062
4154
6012
4722
8949
1030
3619
5816
175
6116
4482
1148
7952
4945
368
9313
624
642
8517
9142
4090
5783
1028
4676
8370
8906
1379
6276
9385
3349
7056
9888
2237
8202
3891
5722
8500
3189
1308
8650
4860
2897
1791
3431
5851
4107
5798
5222
8306
6990
430
7090
830
1749
6605
3995
3622
4451
5024
7189
3741
646
6430
1889
7229
7000
8079
4230
8201
4565
5300
3427
1769
2577
6986
2810
2363
9614
6474
8872
4027
2077
8239
8553
5507
9203
4835
2930
9622
7284
7905
6563
3695
3356
9521
1053
1070
3224
9172
363
8573
4558
9246
4160
8440
4504
2470
7662
2817
9104
7356
7123
1220
6593
2824
5306
2594
449
1519
4659
7115
7317
1643
3551
7754
9650
7129
4171
501
8896
9849
9221
7051
9266
6637
2311
1974
7172
2702
8321
7367
3168
6147
7476
4250
2933
1036
6213
6543
1726
6594
6492
2951
3633
1492
6909
8488
4168
1332
1667
8749
3351
7424
2358
4828
1305
9556
5629
8660
5146
5356
3876
1544
9673
2978
3617
3188
3067
1688
4215
383
7826
6954
7428
480
1649
2394
3304
4015
2718
4143
483
4223
6872
1658
4086
3268
8503
9391
784
9053
6675
7080
9915
5559
9030
2469
2809
5150
2146
2309
3776
1484
2140
779
1298
4966
2796
2970
2085
5191
6326
7266
859
7617
4886
5234
1813
9770
5082
8739
4737
6689
3701
3250
4424
9508
6545
4529
7034
8148
986
5443
8338
866
2066
7600
6496
1929
8948
3730
5933
2066
9096
7651
1334
1693
6915
2585
5474
6304
2360
9258
7508
361
5839
6878
3246
7752
6500
8944
8013
8621
6004
1924
1238
1293
7354
1656
3153
6225
4992
8963
6766
1357
5738
3642
6504
6398
6448
1299
7029
4671
970
9530
5544
916
1246
4875
6931
1675
8312
1722
4179
6310
7265
3072
9351
2105
2492
5091
1931
2721
5658
4014
7510
1751
7077
786
3220
4285
5832
2501
5494
2251
8612
3317
6742
9368
8615
9213
1572
8479
1765
2455
4425
7742
450
8455
1947
2005
7264
1351
1090
3316
3557
6418
5462
8345
9397
526
5519
5905
4833
6442
4304
1835
6537
208
7637
1591
9479
9542
1148
4788
3932
6745
5799
6795
8799
2256
1224
6513
6331
2127
4180
2643
7030
1532
145
342
7455
595
310
6720
472
3283
2976
7273
6635
504
1023
3559
164
113
8122
7630
8011
8899
138
6368
5028
2295
6120
1789
3146
7344
9628
1158
7375
571
5093
2801
5654
2805
4846
3013
9156
2705
7002
2114
4178
8311
6489
5099
2983
2067
209
3565
3503
2417
1822
5059
5089
8304
9779
1077
6629
8834
5023
9014
354
1102
1301
8240
9524
329
7552
4854
4963
3147
9860
5073
6525
8945
2163
4286
1909
7257
5670
3363
5363
8274
1383
3627
6443
1800
8055
1364
2838
188
7352
5246
6094
1100
4673
2836
5475
3854
4929
4174
126
2481
1078
358
9775
4299
8016
3799
3507
7418
3147
468
1509
4877
5825
3712
2914
7247
6922
4426
3363
2548
8350
1896
3980
2838
1562
4843
6165
6190
7633
7914
2347
5284
4160
429
518
4495
4412
8885
1068
8703
1964
8691
4129
9013
4832
5717
6127
1323
4537
8530
7386
8460
1088
7916
8100
5117
4882
7625
7945
1268
6324
7537
2522
5809
3108
5045
1623
1274
7456
5989
401
6348
6373
3128
2731
1277
5859
3126
953
740
7218
5973
1210
1869
8025
4903
3380
2792
8937
7774
3803
8970
372
9434
1720
5164
8311
7439
4643
2987
5786
7972
1288
9137
9686
5447
4160
9478
7953
5311
9289
7254
3602
9198
941
7763
8279
5864
6746
7300
5786
5846
1462
6966
6183
8366
8739
6802
3450
8313
9022
2951
7029
818
1565
4103
9926
1251
9312
9286
6874
1026
1252
3835
4782
6638
5097
9007
2152
2824
3559
6595
2640
2782
1882
3437
3801
2123
4704
8558
1916
2816
9366
1151
7990
2484
5665
5648
5019
801
9719
7028
3246
3656
1800
8710
6581
8938
633
3866
4162
4991
4054
2952
3212
2127
3342
9956
7764
7558
3195
2552
9091
356
2461
1325
8893
3746
2270
621
9034
6982
1218
3722
9302
8264
7345
9579
2797
6114
1724
5306
8895
1593
8539
9414
8687
2385
707
2190
5321
7904
2367
9191
1655
5708
550
3147
579
5151
1923
1047
466
4076
700
9513
2866
8553
4165
9138
9794
5151
700
6792
1850
9436
2958
1505
5504
6335
3201
3756
1520
5091
4796
1033
1548
7763
3553
1202
6213
9919
7918
1607
5762
4958
5841
5755
2116
1153
4489
6468
6990
6234
5367
3669
5578
2701
8585
5441
2044
5011
2482
5931
7892
5399
3603
2062
6290
815
7867
6545
1272
5647
2567
5994
1081
5038
3409
3909
7589
5157
9018
310
6432
9105
7622
7358
4586
1876
6347
5680
9468
4433
6776
3906
5641
5227
8392
5785
2147
1
8079
6603
6769
1833
6413
1942
1460
752
6426
6173
5310
9613
3978
9062
5985
8600
3698
4104
2236
2723
3353
8727
4312
5002
7638
5291
9396
5992
7462
4186
3846
2792
2799
2185
6652
8922
3754
2041
8176
3156
1672
1035
8909
2850
5954
6023
3229
444
9886
3681
4639
8979
7796
8106
2864
5846
7457
5148
3449
5652
3138
4869
3223
4938
3787
5747
5070
5558
5101
6573
4612
9575
6128
7036
1379
9048
8768
8861
4884
3755
8180
5888
4055
674
9296
7967
5359
363
5243
8766
4492
1075
9646
2811
3113
1717
8846
2172
576
6384
5148
3978
9104
3859
148
2467
8014
4408
7833
4009
8529
832
6750
9150
68
8252
8072
6511
2219
1959
8200
4670
5442
2362
8804
7388
2056
9949
4187
4589
2820
4873
4729
6229
8220
6250
2935
4268
5740
1960
5767
2151
3841
215
9835
4555
808
8772
3878
7178
446
8569
2373
6910
3597
3283
5197
8915
4284
827
6800
2279
2500
6010
1439
8037
8710
4324
4435
3167
9068
1622
8638
8468
4554
5760
8315
7176
6876
7963
9200
4018
1490
4978
1987
5477
6143
9433
8155
1726
2695
7001
7763
2500
8753
4465
1052
464
6517
5847
8453
704
9677
3055
1751
4375
1226
4557
3779
774
2450
8992
5643
2299
733
3813
5854
84
2668
7467
4052
2401
4898
2754
7566
1752
8669
6668
5388
8228
915
8732
9146
9327
8230
6629
9908
6442
9942
5712
5248
8263
6102
4003
237
1374
2821
1912
3209
3141
7199
7110
4945
4702
9877
8051
1321
4084
9369
6186
3092
7664
7214
3658
5178
7803
310
5063
8547
2438
9197
1223
2573
992
6064
631
6395
9702
9509
1239
7827
3235
5271
4698
1713
4027
6263
8345
8574
369
8890
5793
3814
5195
6830
9046
6876
1808
5391
2505
2003
9370
4362
5633
9940
5189
4812
5838
7187
9609
9836
3600
608
307
2643
219
9889
9695
6599
9761
7150
6089
6874
3420
289
1516
4955
9646
621
4134
2243
9494
4240
9802
1324
7221
9193
1158
9313
6987
6682
1325
8302
2425
12
1550
3946
7339
1163
293
1616
8408
2832
8582
551
9722
258
9192
7656
7487
1440
1274
6287
184
2979
7728
8061
6252
9149
840
1715
82
134
6450
488
3807
9248
9259
161
6082
4623
1151
4226
7378
6328
3169
996
2591
5034
7247
2951
9754
5246
2625
500
7300
3562
3206
9449
6339
6297
4587
7601
2997
7754
4579
3183
7901
433
1380
3628
9224
3725
2404
2991
3301
2988
8500
9281
1713
1594
3952
3732
4808
1230
8284
1283
6800
2443
6483
6784
5123
1114
7407
1515
4332
9684
8159
6131
8894
135
9722
2658
4421
3144
8121
899
2604
160
6794
4628
7754
3532
7668
5682
3894
6685
6930
7313
2023
3047
776
3882
6060
2586
3839
9585
7198
3816
9937
5475
7566
2946
9163
6679
8221
9675
196
5897
62
7635
9139
8807
1872
5682
7210
9405
8444
7911
7345
2172
7752
4505
7700
9902
8033
8110
9015
7888
3513
9749
2908
3804
7113
9558
5635
5694
522
8086
6573
3227
3108
4928
8154
49
6173
5206
5010
4547
4406
5218
3648
6495
7728
8130
6845
4231
4758
427
7848
8179
7662
4361
8030
844
5355
7123
1999
4439
804
3997
9739
4745
7007
454
8688
4041
675
1445
9800
7112
2264
909
156
5072
2885
4814
166
9422
2139
9046
5685
4754
6550
5531
6585
8941
6852
8800
9291
585
1975
6706
943
6593
2258
7637
118
9709
5427
4983
3448
6162
9789
9656
9799
586
3938
6712
4466
461
2403
7022
8907
6773
710
9504
5642
3281
3498
5292
5693
3689
1321
1595
8919
1891
5420
4385
4642
7356
2801
8200
4003
1107
7171
1255
2412
701
6082
8646
3393
7761
806
6116
5603
7549
5800
8891
3847
2873
8157
7221
8547
4390
7532
6722
2478
9526
4320
4274
3999
4880
9036
8205
1884
1337
1472
7733
1533
8000
9516
1907
5782
8826
3643
7162
3902
7719
4057
1113
2173
3032
3909
4016
3604
3844
8916
3379
2716
7619
9440
4038
7325
2381
6236
1276
803
2403
3143
8954
9840
5357
5070
7498
5383
3427
4531
5541
6310
6473
2361
7140
6343
9884
4889
86
8245
1540
2446
4419
3661
8674
2430
1995
904
7234
6078
334
2544
3325
9376
4798
1295
2764
6278
3184
251
949
1352
2187
9778
4055
5982
9958
2636
5467
8591
8086
3593
7036
6329
8255
3425
7460
2588
4324
5229
9270
2680
9727
4801
8527
6086
6535
1980
952
8590
985
7054
8421
7890
2275
9344
875
6660
6826
256
5895
2583
2290
5717
2497
4387
6305
9744
8710
2625
0
1401
8121
368
5657
4297
6952
7380
9367
7679
7323
3040
3137
3204
8466
7662
2998
1053
3364
8655
5893
7353
2374
9308
1648
2787
7450
7035
3323
3251
7236
1361
8005
3118
9538
3960
9455
2589
7274
4260
4347
3020
5398
4628
8160
3352
8764
8985
2951
2564
7492
3097
1540
3311
5930
2051
5884
2134
7253
3585
65
8447
2339
4026
4027
7894
6662
3739
8099
4425
2026
4140
9088
8236
9796
9959
6239
1303
5008
9652
6940
6615
9203
7457
450
9897
1638
3847
15
2899
9061
6583
2961
2887
1966
4885
8348
7851
2404
4687
2213
41
6158
2403
1020
1764
8991
436
8330
6769
8402
7526
6073
1289
3430
6255
4456
1633
4024
1623
5979
3364
3474
2565
8580
1164
6192
8992
2781
6522
3143
1108
8276
2575
8162
6973
3646
8986
2728
7963
6068
2662
1061
6285
8236
5339
369
5805
5668
1059
9079
9548
720
8741
7972
3821
4033
7631
4005
837
8848
1034
7905
280
987
4762
5847
7924
1949
6217
4640
3191
9747
3597
3344
7622
3113
1178
6102
152
2310
1466
373
3868
8081
6959
4286
8050
7012
8106
6531
153
9443
8637
3488
1180
8641
1847
3427
7710
2538
3154
7379
7000
4295
3838
1794
698
5951
6251
3891
913
6169
1170
3223
9560
6893
3690
7257
3727
750
3144
2838
3527
8050
2647
2732
452
1414
6759
9020
2020
8296
1574
3877
4776
9141
5878
6628
1952
1487
3824
461
1485
7724
9160
8466
6818
2904
8379
9448
3340
7466
4621
9020
6077
9667
9403
9957
5798
1795
2111
5546
6318
1983
6525
3041
6870
8619
961
2397
2497
8986
6892
1099
9071
2625
710
5559
721
1960
3527
481
8902
4479
1928
5783
6141
1410
8471
7491
5979
6125
3037
3890
5835
4845
4193
3421
915
6813
1058
6041
2289
9573
3520
8926
5711
2132
3303
9237
6974
2737
5248
6036
9180
7584
1505
3574
19
631
4523
5463
4300
518
7251
3815
2787
8972
4534
9484
2402
1186
2458
3772
8288
218
2685
3967
2570
5431
5323
8499
1949
4153
4453
8457
4237
5726
4795
8969
8069
8402
9942
5430
9362
6730
9015
6956
9420
5597
2626
9143
6444
2021
334
8519
2302
1428
8929
1278
5303
6050
4586
9726
8156
627
1284
3749
3374
5637
4470
4757
7605
7804
7984
7283
6483
6611
2539
2755
3448
3338
5651
6635
2154
9934
5471
3899
7237
6833
857
9777
9761
1574
1186
929
4989
5825
5576
4272
1955
9858
3406
2471
4704
7071
1269
1926
7486
9840
7677
3680
549
4633
9594
6136
6698
2481
2476
9439
9523
3984
9742
5063
1707
9669
8714
2034
5521
7752
7020
8575
2479
9368
493
9796
7690
5419
6275
349
4414
6470
3635
2237
9273
7175
21
7619
5261
6979
3752
7625
396
8851
3584
2448
7217
7873
520
5218
2228
4143
4055
3104
7809
3810
2487
2736
5283
5211
8265
7716
967
3852
2852
3978
240
4162
2957
981
2860
3874
8183
5958
6707
536
6025
2800
3341
3213
8028
3778
4735
8816
8773
4919
5318
2945
6655
268
1097
4413
800
3276
5183
6985
7560
1587
5337
6152
940
249
8510
3202
9598
7804
4810
7306
2059
8266
297
1876
6978
4509
169
3746
4690
469
3357
1883
9543
5092
499
7498
6261
9958
8447
1327
7434
3609
5057
6021
4736
395
2482
6502
7538
7137
1841
7020
7728
1637
2761
6864
180
7524
9683
2058
8983
3418
5744
4844
188
8520
9454
1741
8965
1786
6277
9555
8493
5321
4512
2297
8297
3542
3411
5557
2148
6305
2575
1682
1121
8253
9208
3498
2709
9398
9952
6373
1426
9111
9448
6629
3602
8092
3379
4027
6674
4204
7508
5377
6001
5308
9719
5715
9124
9375
246
1915
9801
8261
6029
9307
2327
8614
1844
5275
6759
7110
900
2436
6168
2060
9872
6561
5468
9355
7491
369
1139
7541
1136
7827
8144
1191
3503
1697
8014
8699
530
7539
9272
7110
1467
3851
5630
5179
992
6714
707
293
9267
4193
3966
6794
1478
9717
5462
6384
7403
5272
1050
4514
2037
6391
8104
6358
4414
4010
3277
1601
3747
4902
5770
9385
9222
6422
2168
5365
2762
1871
1765
1712
3148
7019
1094
1115
6514
6791
790
2780
8617
8725
8798
2822
4560
5274
1955
3763
550
328
3317
8745
4807
6613
793
689
939
2639
1393
3019
4722
7337
2343
6441
448
4986
6901
8557
1182
8299
5710
4610
8847
7935
9359
8077
7540
8899
8876
3658
1524
7602
5242
2153
9558
2064
1100
3858
4391
5921
9204
7733
8423
4038
4791
9018
7178
8024
8160
6861
3439
968
6709
3227
2006
4699
913
125
194
3208
7724
6206
7147
3448
4220
7931
4070
8490
5225
965
2616
6281
1024
8208
4422
6031
2423
7383
6245
448
6060
2494
369
7542
8674
287
8638
9253
2295
3720
7182
1676
1603
642
3362
7521
9476
6813
7774
5192
5568
5996
3107
2738
8120
4227
3024
5636
466
2349
611
9780
5409
632
6132
2457
5951
4644
1081
296
9307
7581
7072
6583
4494
9922
2591
6719
1052
4129
3601
1155
7407
9246
5766
7980
7891
9670
155
9798
1326
7143
8593
4032
3772
8580
3960
3256
1461
9091
2609
4715
8448
4058
9012
4896
7166
7102
2319
3869
3644
383
1708
4765
2742
957
4976
3076
9427
8666
1649
1835
6275
144
4882
6886
9775
2253
7945
3030
758
7628
4481
6830
1269
7988
4896
5313
88
6275
7034
6240
8157
2200
4343
4675
9909
3
234
3860
2191
5613
8209
6722
8742
8265
7029
5383
9646
4307
4575
3368
3561
3281
9070
8957
4507
4861
9244
4077
4679
16
450
9317
434
2099
9430
4352
5782
4696
8627
8512
3508
7217
7756
4147
1178
40
7804
7452
3575
1250
3680
7043
3504
6017
9067
1429
1815
8072
357
2613
9241
437
4748
2281
1700
597
8047
3114
9709
3069
8230
7200
4543
6699
1263
1838
9690
586
6031
173
6814
1656
9004
2031
813
7923
5640
6339
3568
1857
6909
3477
6793
8999
4473
8208
6705
7828
6696
9935
4489
5224
