3411
8624
3940
4052
6631
3070
739
6921
5767
3366
3679
4848
1795
7011
5537
2095
9482
8636
3779
1604
5345
540
9172
7419
9699
1140
6817
1544
3617
5011
8491
6660
6668
7519
1732
2243
6945
5304
1073
6558
2657
8826
2228
1799
5273
8637
2600
197
9346
4506
4175
300
2448
7202
8417
1129
3028
8699
5710
8658
4777
8004
8114
3998
1107
3097
6834
178
3330
2253
6437
1576
7924
5032
3776
7703
3059
3859
6591
1482
6781
8283
3770
6108
1399
1901
3548
6703
8251
3080
2531
5939
3851
2162
2608
7254
6982
7369
8652
6511
7364
5392
1025
3691
4335
5070
9828
8784
4719
3917
1294
5993
8593
3590
6298
6695
412
3354
1199
7156
2024
3325
1563
6482
6852
6002
5134
9542
5025
3579
5244
1502
9006
6183
2800
3632
2030
1761
1605
9173
3980
2993
5828
485
6721
7291
2187
3912
4334
3231
13
1565
7104
9682
2112
6999
8620
8118
2783
2224
2323
6701
3942
2781
2262
4908
5336
9167
927
7168
169
3425
6474
8431
3585
6229
925
6449
6415
1469
4052
7349
591
6900
8972
3736
7661
9364
9474
7701
9436
2677
5732
2296
9189
8668
6202
4430
6371
6960
7466
4011
304
839
5811
5891
6340
8402
5906
4015
1377
8240
1521
7868
6776
7564
3672
819
5193
7038
3846
1752
497
4269
2258
5643
9697
8964
2613
6098
997
8365
24
7384
4954
2965
4419
5415
1034
7977
9412
9263
2230
9875
7966
2513
3539
4325
4576
2121
9402
5181
8250
4260
4588
4307
3293
879
5512
9119
1886
7394
19
4385
4531
4493
6978
2802
9748
2678
3301
484
6075
3221
6310
1382
4631
5895
7095
1828
8516
5296
9376
9332
6289
379
6772
6805
8571
2878
983
8130
3459
6138
8175
4775
3662
9824
5234
5875
2673
1423
7990
9776
9860
9347
6300
133
4250
165
602
6641
3838
1856
8032
6041
3272
466
1667
7624
1184
1557
4229
9556
1979
447
7532
8269
4333
8773
5069
8858
1563
4126
9136
3139
7274
4557
3155
2018
904
881
7897
5808
3613
5126
3610
4677
275
2957
9558
4497
6399
797
1827
4443
9292
7958
3087
4724
3812
3255
5806
259
6678
1571
9869
8764
5065
6810
8263
1609
8145
837
1810
3509
1564
7892
8703
8465
543
208
8116
8956
9212
8822
7509
9593
5080
4534
9864
6565
4072
6064
1210
5318
8841
3028
2301
2285
304
2098
1018
9759
1076
4517
2358
3565
6547
2777
7271
7624
2732
6914
2265
3813
4287
2153
6375
8813
2975
6140
3496
9147
2288
440
6490
6494
2970
3518
933
503
6773
4069
9396
3028
2966
6844
7502
3696
4468
4688
8899
1811
8002
6853
1441
377
745
1884
4428
6913
1849
4497
626
2099
3977
9075
8898
6835
5781
6764
6930
9035
389
6969
1339
6833
6094
3688
1011
7518
5555
2561
9544
1287
3842
1340
1288
3043
4225
5513
1504
6378
2148
6812
2311
7918
4284
6361
1645
2550
2617
2223
6115
9000
1276
8101
1444
3633
6763
1430
433
315
9449
6226
9618
730
141
6609
5332
2039
8002
914
7346
4595
9151
4574
4589
7514
4892
5709
1683
8717
917
600
3509
5188
8472
1816
9845
5884
7044
8571
8599
3782
3007
5513
51
1416
122
4185
6497
6132
431
5141
7758
7107
2975
617
1029
8046
9940
4141
4486
8374
1958
9730
7952
9102
4557
5258
6317
9772
3483
2127
8288
6246
1388
8464
26
6675
1313
4062
2674
6209
6100
3639
9685
627
6983
375
7587
2441
8740
7817
7849
1209
8194
1966
5508
3421
3795
6378
5110
6641
2300
6479
8994
1237
8049
1582
4491
6897
5749
9339
8342
9735
3335
557
5235
2687
6542
3744
910
2051
4403
5905
3675
8666
5871
710
5526
4383
8541
9203
1130
5313
4851
8518
3584
1684
1299
2442
7607
9430
9353
9391
4980
9219
787
1627
8754
2469
4273
9504
7379
8870
2491
9109
6940
7582
7301
4672
9456
846
4261
8127
8606
5570
8409
6563
9325
5479
2850
8298
6405
2527
2357
6529
5740
4062
1463
461
8335
2721
962
3258
6709
9932
3619
9391
505
6983
5528
2081
2763
5927
8301
5002
4939
6596
1247
2217
2599
8574
7563
5998
1137
8415
8714
1210
233
5005
9012
8407
9336
7804
7870
980
2523
5318
947
9868
4242
679
1492
5721
2070
5754
2834
3572
4746
502
1376
5135
1994
968
3767
5508
4655
1263
8328
4418
5741
982
4820
8001
3720
1057
6389
401
6081
4489
9384
6315
5200
665
7488
2036
5669
2157
9553
231
3723
3639
4917
6702
7545
8300
9516
8870
2635
2264
3680
1446
3381
4508
8983
1367
8890
9750
7268
166
1265
440
9955
3074
1403
5855
4606
4629
5689
7298
930
5801
5795
5990
1056
4045
4480
2222
4533
3980
5542
5796
6940
9281
5680
186
4139
5116
3755
828
2653
4712
7558
4109
7207
4844
2808
7039
1700
8478
6510
9137
1959
7369
5379
3570
8929
649
6562
1093
1705
4782
3531
9450
5922
8421
5616
2053
4031
7221
4166
5679
2087
4842
5980
1886
322
2779
2477
665
6037
3715
1169
227
8182
4007
2936
4414
9087
5951
8687
5910
9537
5983
262
8172
3621
757
9650
8795
8065
3653
6606
7571
878
7026
5762
8953
5034
1017
7608
2931
5339
3164
1014
4211
2070
928
7002
2990
906
1292
3666
9871
5335
6533
2423
8782
6792
3813
2768
4390
8051
7906
3492
6697
1654
5932
1633
7371
3731
7628
8557
3917
105
3247
2205
5607
6631
6620
6724
7323
5398
6592
3306
4313
3304
8266
2146
1261
2342
1835
6109
3454
9514
5218
9423
3744
7845
3897
7079
2937
2569
344
2862
6248
553
5945
8965
617
8699
738
9940
9849
1655
3532
7416
1854
7039
7374
1355
156
7115
1179
798
4093
4543
314
618
5554
8800
830
8164
1584
313
7036
5450
4846
5397
4474
4882
723
2847
7594
1080
566
1529
7366
6346
4559
7209
5808
6334
20
7804
3742
2869
1600
7654
8970
3349
3523
6480
5932
6874
6620
9301
1904
1721
386
4780
5001
6831
332
889
215
9808
9963
1119
4138
5328
4622
4542
7965
8264
5102
204
9857
4092
6345
4903
5829
454
8441
7419
2055
9458
871
7911
3210
676
8266
621
8939
73
4812
6005
6516
829
505
5707
4853
2782
770
4537
8657
2736
9322
8690
2546
5377
6886
3853
3274
2093
8626
5056
5906
4884
8540
1481
4337
3
2012
4533
3256
459
7230
5018
5827
8552
472
596
4786
8536
4159
1753
7282
8784
9167
7763
293
6485
536
8294
5777
2380
5301
2857
8988
611
3481
9243
9843
3378
5289
3837
4404
840
7716
310
8724
6921
2640
8419
6085
9940
1071
8180
4412
890
6394
7554
918
6223
491
3898
4762
1928
9543
2166
8278
5176
4894
7100
3642
9607
6545
8399
8847
8285
7440
8845
9285
3801
4850
6676
79
984
9900
5424
7612
4508
9751
5843
7692
7266
491
4298
2172
6105
6957
1154
7161
5428
7171
2057
7721
8568
2308
860
7659
5854
5976
5865
6799
1307
1308
2784
4419
7893
9249
7287
7951
5281
2245
2997
3884
8046
7616
5730
9099
8989
5866
1968
5481
3204
1457
4048
1222
6608
3099
4981
6069
45
9376
1353
7482
2521
1990
7827
133
4308
8799
9118
1547
4378
2650
8701
813
4945
7857
8412
6570
252
3913
314
3251
7434
293
5537
310
993
4559
5495
9339
9489
1857
1951
9702
8979
6990
8204
9469
6957
3008
7313
4542
5149
392
844
2453
6816
5280
8851
6421
7054
8462
5814
5095
890
1942
761
13
6874
4513
7239
2939
6519
7075
2573
3717
8519
8334
7699
4348
8608
1523
3386
3989
2693
8667
6991
287
8704
7084
7634
2440
235
6543
4744
4970
588
5202
2842
4273
3634
7564
7388
6205
6607
3737
5527
6962
8407
5688
5244
439
4238
9911
5236
5463
3441
2340
8816
5498
9001
4102
4643
8697
640
6188
8974
3290
7520
5567
2253
6081
8686
1887
7321
5654
6852
2056
468
1048
5953
6524
4748
3200
3455
7199
5007
4883
9039
2156
4628
2612
1008
8999
7672
4489
8183
2989
2420
7548
4298
9076
9060
6045
5823
5000
5742
8264
3671
313
1761
9797
9539
6661
3051
26
1992
9122
3726
3522
5907
4647
3824
4425
290
1462
7120
2785
2739
6677
8556
1286
8032
2769
20
3929
2756
7627
877
923
6949
6256
1415
1967
6397
6032
8357
2346
247
1801
9058
6330
4537
5462
3296
9381
7592
3518
29
7786
5236
7659
1136
7874
1060
3294
9652
3044
3811
5646
1261
4944
9949
8768
5169
3024
1729
2320
9290
5000
6785
5835
8924
3559
6339
2082
8370
413
2846
2164
6659
8460
5809
6920
7140
6252
1323
8885
9615
5477
970
670
4004
2234
6975
6791
7302
7046
9918
5961
4614
6182
2373
8626
3792
8165
5659
3660
8168
3004
8204
4561
1226
3025
2267
6685
2767
4981
2288
6568
8728
6667
3914
3048
3968
2104
4194
8098
5399
9506
2067
8481
6133
9346
8107
1960
7888
6506
9513
9016
9455
4759
1659
9078
7862
1113
894
2670
4274
5933
8197
8027
8278
6673
8504
4973
9706
1361
7944
9077
9265
6785
4734
2923
4459
9623
8620
9028
7296
1555
6014
7661
6413
4139
9788
4401
6834
8669
54
9448
2046
6281
1705
6575
5101
5443
2698
530
2730
5424
7741
6900
4666
5576
5852
5603
2927
2328
6657
16
2441
5438
9425
9521
309
3157
2857
9901
2333
8182
2562
5836
5310
8092
7588
5047
2876
1736
3621
1503
6719
9641
1793
1988
8085
2866
7800
5498
450
9793
6669
9417
8013
2341
2241
2756
3374
3677
4095
4739
8243
1849
1140
9491
8184
9880
3424
3814
5591
1523
9177
7913
8055
2581
5956
7430
8565
793
8415
8231
8622
3741
4971
5537
3737
4899
2435
4578
2775
9743
8544
5463
6503
1152
11
222
4875
7919
8033
6371
5952
8096
96
8703
809
2489
7719
8636
3010
5966
9061
967
3753
8192
5966
7670
5150
6632
7853
7317
2913
1422
3568
7509
8378
8940
9647
340
3505
884
296
9964
5847
1999
9565
5894
5055
2338
5216
4280
1872
6503
6957
8838
737
3489
8871
4649
1140
2720
1371
6712
9404
6594
628
9142
4901
5686
9210
4508
9783
4215
3889
6614
8278
5773
482
542
700
3781
2377
6072
6649
36
2426
7736
4801
3382
1609
5505
3127
8911
7473
2129
9309
9149
7936
7082
1103
8968
7488
2514
4789
2175
7392
837
1600
2059
7953
3158
5964
3136
8250
3265
1457
8421
1396
1379
6
3906
6827
1098
9308
6942
8519
1030
3119
1188
7279
2499
6181
3557
2158
8159
9759
145
4879
6131
2439
4334
6700
8365
8465
2521
2649
4781
9380
2396
5677
3838
9334
9234
3046
4069
1852
2568
1263
2303
855
4103
5106
8626
1870
6953
4295
5985
9076
4317
2540
885
4100
98
8845
5849
8062
9738
6584
545
2811
3137
9195
9668
2783
96
8851
7293
3562
8106
7120
7116
7477
870
3046
8005
7750
8480
9862
4201
2568
1889
3056
3311
7231
4384
3617
6839
3443
6893
6918
6872
597
4564
6280
1795
6651
6932
5078
1758
4029
1939
4846
3497
9718
247
9524
4713
3576
2845
1325
7296
7043
711
4614
4866
1776
7461
7222
8655
9593
307
9217
1723
3401
7913
2033
6835
1284
1835
4801
1190
5402
1115
8304
5625
2610
1716
2429
943
9737
8059
4347
6914
8862
7634
9639
3278
3393
5350
3840
1599
335
574
4033
4915
1010
8908
7045
7125
2626
5681
7572
8438
7839
2810
9771
8160
6314
6765
6134
1483
7157
3494
1558
3886
8204
603
3585
8456
7348
1612
7084
9427
7039
2038
4107
8271
3207
5451
8414
2974
4230
9766
3490
7261
6098
5120
2137
3099
4845
529
7613
8746
51
3473
8288
3528
3563
953
3472
9672
573
2915
7587
5279
1242
9452
9439
250
961
4161
2459
4466
2906
8060
3925
1134
3357
7657
5834
2220
3541
5823
845
683
1684
7104
4422
6144
5426
6836
2422
3380
4083
908
1603
4513
6612
5982
263
3027
8474
6576
4259
940
9292
7268
654
2736
5008
6396
2735
746
8280
4714
696
7973
8015
5071
5370
8971
4031
1231
705
3079
8653
6650
7082
9441
7424
776
1039
3962
4708
5116
433
5613
7442
9676
2255
8498
3533
1099
9398
8316
329
8573
3834
1850
5405
2337
9160
4990
7943
4331
2685
5560
7217
5298
6992
7102
6861
9464
6521
2573
8521
7885
3807
7963
2090
120
5108
1446
9133
873
4057
5356
707
9254
8768
8786
7049
3856
4397
9014
3456
2929
7261
497
6070
6945
6625
1038
7329
3918
5306
3571
9401
9586
6066
8186
6987
7209
8180
6874
4199
1673
1984
3844
8315
2751
6003
5938
6730
7635
5435
4355
2714
8748
3465
6642
4231
2205
151
162
737
138
8919
6377
398
8396
3027
4420
7446
6066
6673
5287
67
5454
5708
5943
3286
8031
6494
7420
8497
3538
8574
974
75
9302
666
540
9562
4143
7337
191
9494
2887
3370
6449
8141
8695
4216
8985
2844
8085
8274
9225
6002
2138
3358
480
8852
717
2641
14
8030
4931
8873
3523
9440
2542
5290
1625
72
4321
8973
4496
884
1656
7005
6411
8504
6889
3203
9105
4417
3036
9018
6808
1517
7244
5003
1128
7420
2392
159
6394
2857
774
5478
9872
3657
3512
6645
7292
455
2538
7513
265
5718
9964
6163
7855
7072
6694
8683
5527
4071
6752
4570
6366
1608
7075
5857
2217
1911
3020
8303
6914
9185
2213
5962
7312
9405
4194
4494
5303
7741
6729
9141
1688
2273
2538
9840
7102
1314
1494
4419
6040
9639
4617
5914
515
9182
1650
1610
9954
698
3172
7399
3097
9277
2566
1532
6665
8008
738
5162
8977
8927
3078
5965
428
7054
4592
3851
3529
9566
9440
2901
4888
6165
5031
8901
673
4477
3721
5601
4501
4687
9529
146
5271
1399
92
3403
8785
1421
87
8807
2591
6719
5573
9907
8848
1392
2954
2743
9121
6110
6119
5311
7787
7521
8596
3701
230
6520
2984
9438
1476
5276
7235
5600
6235
4218
740
4664
4820
2285
9151
8468
1856
4413
3121
7389
2571
4594
5668
9623
9684
6909
9936
8981
911
1285
3808
7671
695
1520
9668
9180
3013
7158
8612
5400
1490
3264
8537
7304
7117
1649
1670
204
956
6723
8963
14
6844
924
1094
3528
6530
3659
9916
1008
7255
9220
2630
5328
974
1431
8308
9249
2420
4431
4712
6753
724
3809
9490
516
9792
1102
862
9006
2171
8040
6239
7225
4090
9418
1315
678
4871
941
798
8968
51
4060
9380
6155
3920
4529
7164
6419
9814
1624
3715
8443
7942
3219
4574
6285
5378
285
4896
9072
304
4841
5266
4181
9796
7120
2412
2410
7032
7943
1760
1178
3175
9516
264
3860
7718
9191
4899
3346
4450
4273
6106
727
2659
6944
9501
1681
5199
6818
8120
3402
930
42
9241
2980
3544
7551
3233
2573
3999
2536
1972
621
5309
3212
9093
4014
3431
1109
2686
4684
7185
3497
7812
4729
235
2125
5976
1807
2762
5636
3180
3404
4790
5247
6594
9824
1053
9194
4586
75
2867
7533
9395
3137
3010
9093
3102
8102
8089
2691
2039
5561
8781
454
8739
4427
5478
6004
3576
4656
7554
4566
5501
1712
3564
710
126
5802
2346
3913
4140
218
8614
4203
9639
5846
3877
8893
3379
6363
2451
5633
8490
7777
7848
9168
7473
6226
1519
545
4112
9006
7931
1162
6836
95
2066
5396
9275
1421
3411
1642
4285
4882
7982
1935
9505
2294
4876
9122
7923
9371
4843
4129
4998
3991
4048
4773
7222
7638
5367
564
3915
3085
686
3717
7623
2482
4592
6036
8784
6554
1135
9127
3450
8073
3742
4447
1767
8825
1081
3904
4725
9901
2219
5434
2571
8320
3994
2131
500
4426
2246
1729
1686
2057
4070
6046
7450
1023
3141
8428
4726
1547
4163
4903
994
7167
8810
8842
5470
8878
2321
9389
4063
3110
2827
5064
7814
3650
2199
9221
1573
4175
9310
8473
2156
334
9588
6585
1662
5704
8435
8158
579
3435
3464
1236
8168
3519
2147
5117
4362
2367
3832
8572
7969
6426
8565
6344
6308
4502
4418
9243
417
2872
9467
1175
2702
4936
9110
1449
6910
1314
972
5478
3729
1853
879
8728
242
517
8617
5804
5240
6499
7845
2700
3372
4821
2636
843
6051
5099
7401
6872
622
8932
1265
6158
6610
6578
770
3329
7676
6816
3512
3003
2249
2320
298
6124
903
9756
9936
4399
3614
3136
8262
846
6419
7600
9148
1292
867
6920
922
7489
9362
490
5534
6046
6708
571
5459
7666
359
4294
1053
5720
5035
1750
5713
966
1252
8849
8256
699
4839
6110
310
4774
5523
3816
9216
9392
4544
2019
3758
7147
5469
3340
3779
652
2624
7775
3891
9796
4448
8201
6619
4894
6690
9707
6778
2938
6708
5749
105
5880
1103
4865
2634
5227
151
154
7903
1986
76
1921
6809
9316
8348
523
3190
8504
4398
4266
8907
2836
2151
2966
7872
6290
6848
7690
4794
3985
3188
8745
5356
4141
4991
8809
7337
5232
3259
8935
2574
4878
1614
568
6672
13
7593
7545
1730
2591
465
2430
4499
6228
8029
5535
9491
4451
2534
3376
534
7266
3661
8094
5477
5754
6631
9772
9298
6867
2649
6599
2648
979
9616
3719
5364
2934
6753
9893
69
6223
2507
9816
8940
7514
3573
7023
546
2678
324
9575
2077
3382
6240
2435
3994
3762
311
9818
4127
8070
437
5824
6487
9245
6302
9060
6205
3225
3382
3182
1128
8447
8210
1843
1341
6490
7025
4364
6114
5602
2300
5036
1
9145
4542
4283
9005
9766
3904
3537
5433
1026
2240
7095
693
9082
896
2486
969
3026
6553
5004
6923
1847
3304
4757
7805
3799
3688
5210
8916
6871
2806
3698
7537
1612
3136
4285
2233
192
5777
3694
8957
5395
141
2992
7400
6795
791
3428
4671
5429
2114
195
2761
5
2952
5553
3420
1764
226
5887
7293
4183
5139
6020
4851
7770
8199
6889
5935
4930
534
8508
1807
5378
9826
8383
9332
7954
9881
9170
1510
6907
1402
4054
828
8824
3756
5240
4542
3804
8649
6279
5561
2326
7906
4700
1685
9548
584
2142
7348
3818
9361
6980
6294
8269
7951
4005
4215
936
1792
9458
8036
9458
1542
9458
271
2691
2708
6865
825
4991
1347
3452
331
4202
2545
1172
3443
7777
3164
4514
9490
8747
1777
2773
4505
1022
3282
9972
1626
4773
9326
4180
6572
7703
5005
6800
6230
5815
9963
1457
9456
7999
974
9224
9380
8622
202
2011
8010
5671
7501
2167
3635
861
2549
4513
9514
3549
6139
8181
9637
5749
1370
218
2652
4455
8854
3942
849
7875
3667
8818
7688
9928
9549
3127
4596
2216
8244
613
8452
5222
6809
8376
2322
3188
7924
1797
4694
4900
9031
5698
6572
6088
3106
3681
2321
3895
311
6942
6736
9498
1962
8738
6432
2678
7799
6642
8801
6789
7278
146
2515
8270
2475
8219
2475
7409
841
4334
7887
121
5142
5782
990
4648
5448
3576
7302
2317
1377
4355
5537
6421
2793
3925
2436
5070
5409
8150
6913
1648
8731
7226
225
2024
3988
4760
5814
6668
8523
4830
3338
8601
1315
9911
8076
7438
6863
4725
3349
9144
6036
6199
81
1308
5925
2197
9159
2602
3966
4236
864
1785
7014
6697
2197
4577
7618
3943
4713
7102
5027
9965
2767
8190
6413
1703
4654
5266
3250
1059
929
2812
8771
6240
9921
5279
4268
193
5862
2037
3123
3345
4194
8254
6427
6043
683
3223
5923
3468
4573
3879
7946
6390
5918
6747
4390
7637
5232
1040
6248
7641
2988
2433
6551
1278
4402
9564
3989
4204
4894
3866
7874
7154
2154
4355
9801
1312
6463
6853
1322
2880
581
5687
806
4718
354
9100
7395
7152
3964
5304
5056
6637
1426
1918
9456
7370
2269
7023
1278
8808
3622
3426
5337
4560
3665
1509
2294
627
8063
1182
2956
9865
7643
5614
1949
4283
4593
5540
510
4950
7004
7448
1041
6220
7073
7827
9744
5690
618
6335
7372
7936
6578
1683
5808
8777
4541
9422
6517
3744
967
1973
6894
4523
7272
8289
4542
2541
9090
286
1996
3714
7125
458
6736
2958
6154
4487
1742
293
6666
5474
6640
1125
1070
144
5604
4641
258
7156
4463
8764
7234
7620
1037
6574
9456
7849
949
3332
439
55
9863
3682
4878
1945
4650
4610
5198
2798
511
8194
6606
5825
9474
5204
8901
6294
2718
6445
354
248
4082
5184
7262
2942
8414
272
2330
3255
8042
5251
8832
7780
8014
9017
6514
1777
9088
7371
2777
8545
7087
4776
5531
6007
1060
7698
4810
2577
7818
3832
7531
9274
823
8110
6733
9109
683
8711
8058
9325
2252
4333
7686
4724
7165
5109
6194
9798
8944
8104
8071
3604
2559
9595
650
8621
392
3470
59
85
5353
7977
7511
3755
7112
342
9887
8656
140
2194
5350
357
2375
9074
7096
9583
7010
1395
2559
5105
1592
3626
9264
8122
8962
8307
3127
4005
8501
8407
2268
1512
7843
1884
3003
2429
765
7597
7650
3379
8957
5712
9349
1291
9753
1418
7255
1554
7516
5578
5970
4171
4551
1889
9728
7537
2437
3925
4599
4162
9472
2326
3145
7329
1403
8942
8035
3329
3907
4863
1307
3569
5844
9507
9765
8049
1428
3930
6826
2817
2564
658
3849
8075
7933
5101
5072
4512
8447
6273
3126
5573
3471
8274
451
4517
4305
7205
2438
4950
779
8457
9017
1763
3409
5829
196
7641
6614
4396
6331
6027
8101
5093
3646
3621
2781
9369
9569
311
5253
4894
6976
6537
5244
6137
7947
9361
6839
485
3910
5227
7147
8176
98
8553
8466
1854
6191
7373
7768
3786
2149
3825
538
7654
2454
5633
2961
9901
7984
1936
2024
8944
7979
1514
8208
6845
3984
7426
5676
110
2473
7186
4826
4893
7388
9445
6688
4254
4955
2883
9129
8135
1767
6036
4066
7624
2216
8557
3152
6782
1548
4022
1248
946
7342
6164
8327
6232
8578
8166
4786
7866
8749
4563
9666
5885
4297
3018
9532
1538
1775
813
3126
6701
3642
5503
8689
8755
8408
583
9614
9347
3777
519
3513
9505
9893
7821
1003
1327
3314
7716
6927
3661
5112
8310
8996
4251
3999
8917
2354
7702
4825
6076
842
9684
3973
4246
9435
990
1273
6251
4471
8792
8671
3525
281
4298
7547
5558
5526
8901
6623
4988
8616
4328
8682
2746
1096
1776
1862
5835
2961
1920
625
4594
4674
3439
6394
6944
6732
4692
4775
1583
4980
2938
9822
6489
9184
1190
3383
8297
3936
4902
5128
7102
484
9733
9293
3671
6710
1715
3559
1724
8277
3621
147
1565
6500
3770
5494
355
8543
4246
817
2030
3145
7814
8218
8249
3298
7423
2248
5150
1478
6773
769
2056
7360
9820
6374
2076
8049
9482
9369
1008
1751
3709
2781
9165
9204
3701
3787
2076
9085
9743
8918
9351
5668
5026
8718
3606
362
8690
7761
2447
2933
1804
6082
753
7321
6103
1973
5308
8670
9575
4873
4686
4527
2716
9004
4494
9093
2769
151
9936
721
6383
3825
8278
3868
5054
9300
1018
2963
7030
4383
3210
1640
9946
8622
5848
9817
8849
7487
8033
3407
7240
8787
5882
8629
3869
5046
4531
7608
3598
219
1135
8845
3013
6419
2414
7326
13
6589
7071
1029
3770
2364
6451
9016
3901
3347
8426
3354
6664
1495
1484
956
9049
545
4239
257
9344
1542
6426
444
8411
8702
6098
9269
5901
2895
501
5284
6272
2080
8678
3279
2351
8777
3079
4626
7606
1735
3273
1148
6335
9418
3911
2122
1761
4029
3913
7241
3135
545
4345
3896
9637
753
6004
9055
7704
5229
9509
7395
8991
1508
8801
237
6742
6510
5271
5524
9032
7354
7859
6252
5870
9257
5597
4696
2552
7797
6200
6165
5215
3194
8777
4465
6474
7979
6683
9913
1439
7210
3322
9605
3172
8980
9559
5700
1093
9417
3328
9141
630
8056
1861
7564
6446
1074
8676
1708
409
3982
8716
4981
2474
9817
2973
7639
4210
2376
3893
3164
7704
8423
6172
6380
5107
5451
5467
97
4409
7838
6641
1464
4634
5754
8012
7179
290
915
5595
128
9564
2414
551
6538
3505
3790
4507
9932
5622
9895
1605
2861
9285
6757
629
8369
5120
7885
8727
1333
8036
7275
1071
5924
1159
7425
9465
1325
4355
5857
6969
2751
3652
1095
1421
463
1320
9673
2766
4386
8081
6511
4672
8168
7904
7048
4831
529
7723
1696
6279
4178
8302
1937
1530
2618
794
5127
1460
7990
4763
4823
4950
1475
6052
9648
248
4058
5655
5338
5126
3057
5854
9307
651
4782
4812
8112
5779
3069
8361
7082
2226
5817
9206
7934
788
1486
6765
2424
8799
2834
4374
2620
4490
52
481
3443
4395
3162
1814
468
2084
6874
3464
6150
2992
9032
4187
597
8681
1841
9038
6739
9775
2112
4711
7961
5910
9461
6405
4594
9614
2626
6926
5824
6299
5407
7825
2722
6410
3034
4965
4594
486
9065
4888
6990
7892
3840
4639
6710
6078
4767
5201
5683
5551
1573
7490
1439
8805
7607
9790
4461
6886
788
9606
568
2650
757
1754
3175
824
5263
7141
9215
3590
8036
2718
7835
6313
731
2356
1785
7893
4269
399
5487
3877
1042
4446
4435
6101
4054
9645
8317
8338
3075
6275
9409
1780
5438
9719
664
6378
1960
5099
6089
2696
9898
4842
6646
1847
7932
3252
9683
1172
5787
9862
8390
1963
2107
6506
4759
5945
1264
2215
2592
5278
7522
549
567
7704
5943
566
3894
5246
7172
9099
4823
345
5521
3849
2262
4486
8159
809
3232
842
8702
8500
7496
259
9570
8546
9665
6954
664
1057
9776
1113
2268
7865
3776
9738
3556
553
5855
3520
6042
9637
5689
9657
5192
5140
7608
6326
6122
7979
1438
2896
942
6870
6515
5164
9420
9377
4778
2360
2354
5200
6344
3780
6120
7459
603
8654
6083
4083
8225
2413
4035
4611
887
8889
3437
220
497
3490
6588
6849
7246
1236
8744
61
8585
4116
790
4449
9045
3635
3344
7677
9671
7457
9159
3565
2793
776
3449
4166
808
7463
2582
7685
849
2611
9519
1641
9129
8141
2326
6211
3687
6779
7712
2863
2263
2485
3638
3294
5410
9562
7876
8528
2179
2896
1711
2051
9574
4887
3968
8893
2960
7703
3407
3749
5876
433
5996
9550
1145
3179
5595
1979
3342
7231
8344
6902
1444
2117
2354
5413
6728
5596
2444
2778
1094
3155
6608
4738
6481
9416
6928
8727
9153
1473
3359
3341
4576
9230
5684
4591
5907
4615
5239
1412
5097
1575
4021
3348
7413
6099
4775
6182
6327
6070
9516
5285
2461
6425
1167
9764
986
882
1580
5632
320
5697
1427
4171
556
3706
7676
3448
2861
2960
363
7485
7018
3144
5958
4797
473
9650
2879
1525
8438
2744
139
8292
9403
2452
7364
8589
3772
732
8132
83
6340
7651
3045
7182
375
6392
5712
3520
5487
9936
8443
6498
5797
4946
4210
1183
2163
7767
6417
2240
3997
3440
9456
9030
850
4024
6934
9907
591
9603
593
9714
4498
4544
1049
6582
2035
6063
4816
9435
7803
834
6402
5478
6142
9014
9855
1625
6873
8527
4990
4686
5488
5180
5318
7017
7094
4762
9750
9793
5092
2489
4974
259
9025
2303
5603
3841
1533
2414
5301
4065
2496
8991
7267
2498
3819
5537
5525
3829
6096
2631
9585
8144
405
7595
2754
3974
3288
5760
5613
996
4525
7368
4039
8893
1142
1259
8831
1592
2056
2046
1987
718
6065
9638
6461
9197
1720
6763
4074
5127
6159
8358
949
2056
4004
6459
6404
6665
6954
9022
8035
5865
6935
8435
4025
1893
9716
8251
3940
1657
7653
9784
2997
778
9340
205
3140
5880
2811
4397
1250
1429
3780
5501
1552
2931
406
2721
6634
9287
9828
3249
9875
1916
1683
3612
2975
4398
4915
73
697
67
7127
2848
7450
7287
8832
1692
3524
5965
9297
9871
8664
5675
9804
1663
7154
9812
9575
7875
3693
9792
3199
4289
7179
6438
1023
2447
4604
3825
3733
6009
2516
4309
3252
7697
5893
9554
9967
1573
1835
565
8443
361
7032
3175
4168
3831
5631
1818
4226
4080
8004
9758
584
8303
1176
6103
9911
8558
2881
6939
9923
5586
207
8714
5542
7471
496
9629
6214
7046
4183
52
8541
5926
862
7028
5309
8323
886
6809
2344
2821
1570
2892
4540
2011
4015
4742
2447
7763
5379
74
6878
4709
335
1927
5015
4385
9940
3618
5333
4983
9013
8613
8201
5333
7076
6925
4730
7606
7995
9273
5167
3484
5166
6997
3559
6237
5774
4993
6695
5737
1869
2908
3332
4764
3621
2919
8694
8336
377
7664
6025
6746
3567
5598
7223
4812
56
2693
3089
5576
5292
3490
8438
8719
871
3030
7633
7173
5120
4551
609
6406
4045
1718
9175
4452
3834
9618
2035
5522
1015
2691
6745
1097
9239
454
8601
4925
5093
2618
8852
8475
1431
6421
5573
283
4066
9915
4517
9675
4026
7230
6376
9444
2089
9381
6221
1962
6908
6243
9287
1986
8182
1497
4611
8686
7760
8621
4963
6820
6230
1941
4151
6477
8666
5392
6689
8610
4498
2741
3833
324
8047
8347
4973
7226
6118
6742
2832
6429
8855
2854
9153
9330
1053
5712
4963
6223
2625
3532
5276
8365
7757
6859
8959
9164
3477
1231
6469
9422
3624
8419
7610
9237
6574
7218
5700
6096
9385
2667
5305
2574
2795
4312
788
1752
2250
4692
1257
1455
8240
8067
9223
3125
9933
9347
8274
685
933
8149
4214
2670
4230
9348
9682
7792
7287
6209
1647
3791
8177
8858
9303
4021
3749
3455
4616
8480
1212
9100
7869
6330
1391
5545
4578
8286
2892
9419
8638
3777
7876
3209
5381
1935
8416
8078
6603
9889
2491
4143
9434
2183
6667
5444
8114
4253
9217
1048
2736
997
9601
417
4526
6093
6398
6381
2046
6440
4423
959
3383
7972
8943
5340
7040
8143
8735
6053
7764
2066
2559
1562
8236
4033
2601
7680
9410
2931
8318
6530
1280
2914
735
5246
139
7158
3873
6168
2814
884
2321
4463
3681
2066
6849
3525
1328
1107
3680
3321
4911
9530
4294
4474
2837
5215
1497
1306
806
709
8575
5514
2326
8889
3663
8718
2405
4579
6518
7349
9634
3598
9156
8911
3690
4420
8772
3069
5272
2946
8210
2319
6302
4731
6368
6734
6895
4129
5458
5256
6418
3500
9855
6042
4419
7641
5097
5402
4146
8082
9125
3334
1165
4884
9649
6439
8958
2341
9326
7771
5848
8894
4736
6703
16
8829
3879
4515
7503
3073
6979
100
7200
7436
6549
1316
2886
7546
2365
3752
8701
1044
3232
4610
2158
4262
3539
6040
9658
4193
3748
9467
1162
3947
4210
6120
2036
3320
9829
9033
5489
7490
6725
8196
1393
9213
5087
8341
6236
6859
6432
8998
1427
9803
7565
9670
8252
2805
9607
3111
7126
1250
9562
302
3308
3295
2668
1021
6829
2925
9889
460
9346
7597
2694
9243
7767
1652
5365
3697
1770
7558
3319
1414
9231
5386
5521
4783
9498
3896
8818
6612
9245
5602
3795
4616
8915
9238
8516
208
8528
4829
328
1152
741
7234
5597
6146
6858
1774
4306
6785
4576
9205
1819
4270
4705
23
1473
1999
2409
6473
7447
9827
1897
505
8836
9672
137
5348
9319
7785
8405
2990
8944
6658
9134
5472
4046
7778
4777
931
4186
1642
9155
8933
6911
4397
3696
8785
3697
3948
7754
5085
6724
916
2996
9628
8837
8724
3558
6049
4629
670
3441
2028
2337
3233
1354
5437
5850
2925
2128
8545
3405
539
6383
2869
8842
7521
6872
9349
1986
8213
1255
464
7512
3991
2090
8787
7676
4821
1215
2236
1000
8285
3238
8229
1749
6480
5157
4525
5107
8286
4320
8899
9953
7674
1267
1685
5248
9922
878
1799
1238
1790
6949
5402
333
8671
9476
338
5346
8309
1383
9864
9008
4165
5272
7451
5688
3817
4359
4047
6623
395
3226
4183
2184
3701
8158
6750
736
4181
8166
4348
8763
2039
6467
832
7767
7758
1108
8238
9682
6242
3312
2847
7110
7941
9411
8543
5228
5264
1964
3437
6152
8769
6280
227
4792
6861
676
1520
8421
9201
8802
6428
9139
4535
754
8284
4501
127
9249
976
3214
9770
4309
9681
7450
6901
3260
7841
8012
9705
3408
6493
3873
6710
8554
5321
9416
9894
1553
3651
7622
1572
8096
6765
1996
2336
7621
971
445
2928
4107
1275
143
9420
3598
3449
4633
5497
7261
8997
2168
6899
3310
2089
7793
9374
9824
4123
1473
9443
966
9618
5228
8755
4491
578
6693
8409
82
7957
5188
2163
6303
1616
9544
3759
2731
1560
1536
4680
7141
7568
357
2073
7619
4940
8165
2909
9033
1603
173
7125
3983
7296
9008
9698
5285
265
4556
3809
1828
301
6550
5503
3591
6294
4187
6111
8263
5901
8633
5350
1434
1621
3503
7312
2587
5701
7613
3740
7155
5230
7119
8034
1853
5915
3542
2995
803
5086
2683
6999
3829
3286
3564
5449
8988
7793
5562
365
2960
1559
9918
6170
4569
1584
2754
5298
3792
9947
30
1957
2152
3814
3470
6067
6852
1134
6324
1057
4071
914
7753
3154
2101
6321
7018
8487
6453
8508
4936
8673
2460
8933
6739
6008
3035
3026
6984
9697
1196
9552
8141
4946
616
3512
7991
7692
9296
4023
5162
7269
4086
6741
925
5469
9004
8902
4425
4697
3511
9705
3955
9932
5928
8316
7909
9367
1916
2440
2048
5023
3788
5150
9563
8454
7557
7894
2069
7350
8711
7834
9170
7182
2598
8646
717
4858
4339
5309
8670
7749
1210
6158
9417
7483
409
6839
2096
600
2068
7999
8611
983
9575
6143
649
872
900
4007
1644
234
3750
8164
2169
9402
3138
6952
5055
1009
9330
2188
2305
8490
6975
9387
1675
3368
1787
4897
2194
3301
8016
9112
6188
4510
8590
7325
3590
7000
3038
3476
477
5223
438
287
3668
4643
2327
7855
4021
3428
2348
1499
5481
3537
4103
3
5811
3381
8149
2533
6954
3420
6459
6784
436
984
1344
1122
8633
8569
1304
3672
2275
7722
1848
3992
9362
6222
9609
6024
4705
3494
1623
6028
1244
4323
8757
9876
6242
8483
3807
2104
3321
8366
7273
6480
7886
7228
1654
4763
9332
2488
5599
4249
2047
1373
321
102
2523
6241
7073
1941
4730
2794
6739
6525
7319
280
8981
1362
9390
2190
5652
3232
2575
7592
1613
4991
827
6339
8033
4756
5087
5855
8723
5447
2266
2892
3577
7204
4284
5675
7028
5102
3440
6905
2562
7299
3183
5729
8525
7919
513
2231
1527
3476
6193
2652
4056
8194
4757
9320
3406
7705
1999
9246
5253
3152
9535
5060
8349
1958
5746
2480
9208
6228
1682
173
7383
3563
1133
3383
3982
8461
1486
4509
8335
4228
7025
2515
2598
5842
5781
1670
2807
8703
1027
2316
1222
8631
8456
8692
2854
8182
3621
697
5489
1969
8922
6313
7696
7623
6202
1003
4316
8720
7747
2688
4702
2363
732
2577
2802
5444
1733
222
4130
656
4981
6051
4567
8128
7367
5970
1663
9025
6203
2206
834
5282
1108
8168
3716
5787
1442
2646
363
7992
549
3892
3256
5181
3818
7366
9029
2860
9017
8670
9866
1600
1293
5866
8415
9615
8306
3024
2746
3003
9279
6813
5827
3859
2375
7574
9576
3420
673
5718
1606
1255
1431
7099
9234
6460
9855
481
430
5931
6125
1978
7665
4056
5027
8869
6417
9642
958
4469
91
817
4187
4953
5048
170
8126
5580
1983
7984
3348
5841
4281
3399
160
8997
6517
8293
976
5518
192
2807
9029
845
3581
2563
3241
8659
9753
4127
5988
4681
8739
9279
8616
7103
444
211
4351
5537
5575
6204
9551
8612
212
9498
4291
7820
8343
3996
3611
3764
6327
5360
5995
7661
2616
238
5782
1227
6239
3021
2856
9691
8437
7094
4154
9287
7796
6683
7705
7053
7537
9517
33
9839
505
847
4173
6705
4056
2503
1040
1441
3241
1025
2336
2578
1837
6634
3456
8261
4457
6368
8337
8453
574
3844
6661
5363
5340
4035
2121
8736
8489
1305
5780
5599
1729
1465
5483
357
8895
9684
928
4437
2523
7617
6387
5092
4088
1867
6399
251
4114
2324
4320
7434
2576
161
6794
4050
58
2835
5411
6661
5781
8877
257
8568
4076
6131
8393
9599
5021
8307
7212
8480
5459
9051
9368
8493
1122
2319
4430
2312
7608
8545
3192
8445
2458
8321
3824
4344
9516
5790
8104
4360
6251
4455
8119
2099
9937
2996
411
1127
6182
1964
9803
4383
4492
7176
1465
4931
8107
1299
8292
9552
3812
3164
9895
9840
9272
8732
7665
9175
3917
8815
818
7115
25
7179
1056
611
4486
3648
1534
3909
4299
3116
8662
875
7326
7290
5992
3088
699
8822
1414
1523
3064
4336
8113
5812
2219
6569
6039
2568
8999
6969
9693
9332
3447
1879
1132
6418
6010
5989
2855
9005
1692
9469
71
4042
9039
8299
3490
2767
9197
9366
3505
3248
9118
1755
3544
5174
5897
6332
497
5913
825
1377
874
4551
6683
3153
1754
2852
1049
1106
3011
6337
2565
6627
6444
6435
7375
7474
5675
2154
8668
3062
2510
1186
9325
5212
9328
4822
4477
2330
905
3161
9895
1145
5155
4019
1729
2950
2532
1270
3338
5803
1627
4791
1538
1375
5232
4863
8016
9767
397
9685
2597
9135
8867
3511
7266
4303
9286
6208
3095
6328
1486
8911
3151
1602
6977
1441
1641
6282
5617
6014
954
3010
7002
5084
5587
8522
7533
3160
7497
1125
5366
1946
4944
739
5110
162
2328
2747
5341
3390
7332
2632
8578
8667
2652
7128
2102
7397
5856
5512
6209
411
5625
7070
5730
6300
5524
9319
7500
9695
8391
2930
3909
641
9475
8150
1151
6261
7131
1279
3751
9199
9351
5846
2826
8357
4479
1802
3004
675
5054
2532
3367
7766
1249
7225
8908
6728
4919
7166
2283
3600
2059
7609
5283
8528
4487
4787
987
575
4935
9350
7959
6840
1766
8091
6453
5663
6700
5383
5193
3682
1991
2521
4853
5268
4978
4642
1530
8696
5436
8877
2309
1351
4155
3586
1864
4022
6173
4554
9357
5391
8577
1335
1664
78
375
3874
7605
9236
3972
2039
8705
5914
6680
6094
8246
9143
3086
9957
2174
3396
6519
9635
858
855
3692
1283
1789
3219
4472
2907
583
5413
8185
7946
4172
684
5126
4343
1388
8200
287
8887
2967
5770
3349
9313
9136
2689
3107
5332
5000
9176
7210
2197
5989
2817
3112
7374
7195
5709
138
9195
2190
590
3579
8466
7654
905
5046
3
1368
8239
5522
9832
9484
278
324
1026
28
6039
7068
5157
2848
6489
2363
536
6726
4936
6284
6262
8769
5647
6831
1118
7306
3761
5744
8522
6470
2468
8212
5397
4281
8168
3218
2898
4276
1604
4344
7311
4798
7146
8008
6900
8293
4292
7250
9171
4315
98
6796
1620
3830
7548
2871
6455
8350
2082
3307
6542
3682
5640
5221
1682
9558
4976
4182
7037
8448
5669
4238
2376
7303
3628
6994
5433
773
4716
7993
3519
2239
7723
8712
9120
943
7911
8589
6278
8945
2883
6323
2233
1898
8944
644
9847
6195
9370
3799
4182
5236
6477
6438
4732
9579
2899
9633
8898
7739
7325
9020
279
5211
2038
3235
4272
4876
207
3885
5834
4605
7004
9823
4389
8729
850
440
3277
268
2060
2754
2553
8791
3261
3985
5968
3035
6989
3471
5580
5877
890
6711
8671
9725
6478
5825
2024
205
5402
7713
3257
2112
1170
6703
4174
8320
7350
4684
6130
8561
7099
9440
5439
9251
8570
9323
9567
5189
9177
6176
7256
3466
9671
6255
5614
1750
6991
3525
6045
1121
3867
5636
4824
6560
9214
7290
2011
2994
9024
7206
5487
8518
7173
3528
6480
6460
7918
74
7662
7867
1180
3335
1285
2577
889
6991
3324
2803
1158
311
8025
8955
9710
3690
8764
2017
5921
2459
5578
1935
2684
8733
9464
1064
6245
693
2986
8424
5968
5793
1389
380
9683
9095
1657
1253
4948
6347
5698
2448
8907
8922
7012
4667
6515
5119
9136
1794
7307
6955
134
2237
7843
402
6682
8076
2841
6091
2780
7894
321
7333
8206
4512
7880
2620
2385
1142
1865
4976
3112
9217
6827
7975
1165
3725
8856
5226
131
8950
9080
9268
9372
4761
2471
9447
6534
7625
7795
2873
411
5507
384
2743
3588
738
6391
6805
3161
6220
8464
8376
67
1441
6496
6442
5522
3616
9333
680
1874
6922
4064
1918
1803
9597
4828
4332
6338
6608
9312
7183
2389
1400
7466
7086
9752
311
2877
211
9405
9511
5384
5442
4176
2625
1061
2525
2648
3922
2168
1852
4636
4869
2112
8481
8693
1050
5383
6587
2473
6511
8295
3797
3107
4704
1702
9029
7033
3993
6203
73
9814
4211
1370
2287
6141
5728
4740
8110
3945
9614
2167
9637
371
4914
6118
833
3444
6348
8678
53
5883
9641
353
7963
4909
70
9805
4968
6819
7395
5369
8093
5785
6137
7556
9796
9938
8563
9273
7925
2708
9164
2433
4149
8966
2170
4597
2757
8236
1951
552
9673
1757
23
4260
8641
4887
7247
4039
8378
3222
8959
5729
8556
6382
9861
6090
2382
9357
6301
408
9879
1686
3506
3268
7358
7340
658
3162
3269
5997
518
4925
9905
2662
4806
2247
4016
1620
4876
1620
5432
8913
3029
2577
2906
9537
6602
5978
9023
3493
3010
5238
1616
6877
6841
601
7812
5858
9262
3856
7087
5288
34
8053
9267
1712
3851
4969
2464
5787
7080
6925
235
6962
137
5033
9583
9800
439
6341
6600
5342
5944
6705
4977
4422
8146
6839
9522
9607
6022
1327
9017
8068
1944
5667
7065
3514
4786
1708
2818
827
3115
5161
9455
5783
9154
1099
2339
378
8417
3099
1778
5459
6322
6591
7169
8270
9566
7249
183
6887
6443
7654
4519
1378
3339
6440
3811
9070
7708
358
1815
9732
1156
3854
9364
2438
9692
5513
9556
5891
8715
5688
355
8932
3033
1381
9810
8707
6026
9697
6333
7295
5615
5836
7060
1653
7190
5526
9170
7678
5086
1555
7723
4810
3116
9238
3906
7738
2898
2416
9555
6527
8633
9415
9701
2407
7735
8087
3702
9111
6949
6426
5552
7720
2006
593
1543
4830
6676
2659
3888
2968
7186
9070
8121
8055
2179
2707
905
9213
5431
5285
4285
4051
3190
6024
7657
8343
3496
8646
190
3495
3567
4611
1386
5849
872
1877
9413
1493
6517
3054
1222
2019
5923
2511
4018
1934
5461
7271
2776
7327
8610
6374
938
8443
6161
5971
4929
9924
8627
6397
3093
6608
6881
1619
1382
5482
4079
5150
4003
4634
5770
5149
5181
6101
2071
2019
5408
2029
5473
3906
308
7295
23
4770
7694
8737
4947
4070
4058
9939
1299
2718
5361
9149
7632
9007
4391
2127
1718
6505
122
6419
8820
8712
631
207
2532
5299
3227
6158
6349
9514
5206
3430
7767
217
6828
9957
2205
5550
6242
8453
8432
7141
1815
6836
510
4064
2894
5648
2094
4132
3646
6255
3699
2705
132
4725
8732
4285
4755
7140
4026
1037
8808
2750
5119
8521
5667
2860
2813
7538
3682
5872
988
4695
703
9780
7478
3439
1034
4582
9835
9536
9147
323
3539
9188
4080
5574
5538
1202
6116
7575
776
4285
5209
9076
572
7796
3799
783
5869
4635
6064
8332
8985
5534
7211
5236
1724
884
3132
9323
2322
2062
4698
6694
4769
2097
7498
5809
9345
604
1544
3400
1030
5676
1614
7299
5315
36
8210
3523
5515
4608
2595
5711
6456
7523
8231
1292
5925
3366
936
5370
3932
369
9495
1706
8191
7857
2493
217
9163
9950
4234
5058
658
5400
9318
6585
7059
5904
4364
5642
3667
3612
2577
375
504
4548
3190
6428
6826
7843
6934
4203
980
875
5360
1909
3744
218
766
6479
5269
8400
7993
1497
697
8756
6880
6720
2242
1242
685
7471
8932
2525
1943
8768
7083
6901
9175
7665
9067
4729
2485
3573
75
1233
6286
6883
976
7577
8507
7159
6148
3016
1045
9243
590
9761
1729
3672
7299
2565
1334
219
7900
6842
6862
5449
4840
5289
4843
3740
4903
9829
5348
5225
9263
5022
9018
4666
6924
3733
7702
3930
4325
5598
4665
3242
8127
8153
1916
1073
8105
833
8788
2423
9664
6475
2317
2795
9488
5362
4533
7875
8491
3406
7960
6809
1425
7608
126
9387
5966
3103
5494
4425
2793
1886
5058
297
6889
6807
7609
6424
1776
8139
7570
2855
8212
129
645
4471
7
9413
572
6244
5963
5963
7359
5117
4269
2840
4556
2784
6611
6452
1367
944
5578
2027
6768
8367
3060
247
8367
8314
6204
5936
5881
1895
9685
9800
991
6706
1668
2010
4392
6544
1832
2532
6003
3306
6011
1752
2768
4180
7620
6963
5252
6718
4263
323
3363
3980
3420
2120
7881
2283
328
1186
6486
6457
3401
7102
8596
4631
3301
288
4288
4053
535
1140
36
601
8437
92
5089
114
2596
2445
8355
418
2583
4836
5917
7573
4248
1109
8853
5104
400
2487
3696
9227
7219
1281
5542
7877
9768
5079
75
2603
8687
5765
6629
1312
6171
6887
2532
6614
1612
1971
9516
4344
5537
5404
6315
3662
7742
3604
3123
7711
4191
4939
4075
888
5578
8736
8602
2501
6031
2862
4599
123
9298
5694
8318
8416
7491
4027
27
1496
6084
3681
4640
1610
4049
1593
3804
5827
2619
2822
8289
8524
7461
8162
5855
5001
9290
6
2765
2063
4173
1147
3758
623
1930
6758
6987
6966
8876
370
3096
7170
3262
9528
4958
2525
8301
3242
9943
7386
5169
5520
1044
9570
6582
2865
5626
4503
2077
5445
9753
5757
7030
3731
9860
3288
3089
5956
612
7510
3193
6008
9325
6664
9310
1516
3733
5149
6863
4383
2749
2293
7572
5398
5151
3231
523
5404
9277
7126
7481
8286
502
3815
6381
4713
1207
4569
4011
5921
7766
1467
6069
586
8890
4720
7382
7005
2403
5402
6094
6976
2312
9033
8338
2522
8919
6376
6104
4977
9429
8855
7078
2849
1106
7774
5964
1963
7669
8248
2413
5380
5785
162
7707
2540
3409
341
8380
2018
8823
7315
7844
4236
7411
6934
1778
4437
2252
8122
6413
2345
3443
9501
8853
44
8983
5887
1903
9091
2739
8303
9759
8542
7437
5190
3143
1018
1211
6463
5028
8210
1072
6303
9587
3542
1786
8685
8977
6652
2718
6796
4292
3203
7072
2728
1381
4264
1258
6295
55
3128
338
1485
4508
1603
9189
7138
3817
1877
4858
8459
7535
9562
7194
9902
7876
553
2329
2272
4973
2546
9540
7721
2764
3992
8873
4917
3522
7366
6894
7091
8097
6212
501
4959
5983
2728
3803
6532
8742
7880
5150
6451
7121
5499
3090
4669
3403
6730
9832
8826
2112
8627
3240
9164
6842
6853
1609
5890
8342
6607
7044
5234
4920
2406
2512
9289
9847
9589
9727
2025
5752
8860
7949
8707
7636
7572
2691
514
7776
1105
8247
4348
7624
8861
9857
2875
5864
3109
7732
6713
1366
7256
2102
7151
5283
8720
6516
3796
6056
4094
7124
2060
4677
1185
7509
5828
3393
9968
469
9056
9819
6446
3865
2980
5598
6453
5497
280
8271
9845
3060
4725
6307
2007
1438
6378
1809
5407
3810
2837
114
1491
9336
7283
8393
9906
2063
4213
5771
9071
7780
7906
6323
3579
9333
1963
2094
1991
3055
2989
9025
4638
1986
3358
7625
1808
2715
6500
1737
1849
5222
1518
2817
4660
6791
3661
9466
956
525
8150
7543
5237
3565
3909
6182
1969
169
7473
2707
1993
9182
3936
7698
9474
8992
9831
9737
696
4304
1888
3809
3743
9297
2071
8489
8935
1294
8433
2376
101
6293
8076
23
2114
1346
9131
1182
5478
2559
8830
6561
7708
7852
4142
4581
6982
1826
4659
7368
9459
6534
9381
752
6906
1950
2502
5503
6290
3266
6786
7902
9194
8205
6569
3044
9965
3649
2329
4961
3418
4296
7704
2604
5942
4360
6065
9509
2203
1329
9596
7722
4104
7543
8897
2887
894
4254
2565
4729
6201
2365
5927
8157
7614
8689
5850
448
88
3059
5537
633
2859
5736
415
1870
8176
511
4703
4407
2539
8737
2342
5499
6890
2124
5604
2640
4923
7408
1351
8916
8231
4676
9235
9440
8923
59
4288
8426
1767
2428
2580
3079
863
1995
1809
3397
3377
5374
1617
3941
5495
4317
5859
4934
8602
9551
7804
7776
5142
9776
7664
3620
3698
530
7179
9101
1136
9771
3124
8588
9430
7159
9914
6448
5352
5954
716
5076
6673
5073
3592
8624
9618
903
8174
4906
283
2687
6861
4806
9216
8981
7201
9491
4901
262
147
5105
8694
5437
4500
5726
9310
579
8990
4697
9150
1194
3005
3142
771
8416
6875
540
5740
9941
394
2713
7893
6400
8067
8977
1242
5741
7036
5860
6580
5636
4485
8909
9649
5518
7022
6167
9790
2667
123
7
686
3794
3991
8213
887
1599
3217
109
9904
7804
5800
9609
8209
60
3221
7241
1036
8781
8430
7851
2898
8955
2202
7424
5800
1536
1179
4
4125
1290
5607
3920
1036
2021
5191
5610
9562
2383
2136
4435
4781
6025
1499
4427
4662
2170
7480
6106
6168
4915
2261
6083
7666
8507
4232
351
7887
793
5527
3155
8851
8977
2764
5163
9710
7537
372
9624
4683
3223
8985
1716
7368
4889
4472
4479
3716
5950
5138
9308
7136
7038
455
5571
6548
858
2606
7730
7499
9287
2435
2312
519
7706
7018
5045
3642
1274
1417
942
9798
9631
711
2642
2838
5522
8895
9425
1348
4387
9397
8221
7422
9155
6108
3830
1303
6895
1055
1043
8471
7506
4445
9506
9625
5756
1283
5787
8102
6444
7239
5190
9270
4643
6899
2490
6738
4147
2429
3896
5634
7462
2629
2979
3917
6149
6729
8697
4388
680
5762
5799
6478
2646
1541
789
743
5424
6036
4392
577
620
3108
2809
7272
1172
9032
5390
5799
9169
3140
2749
3202
199
2968
4246
8981
5563
4193
8964
707
4116
89
5058
5910
7564
8006
7296
3403
1424
7858
6867
2114
3733
8622
8845
1193
6635
2677
629
1024
3939
4075
2984
394
1004
5141
2265
838
9160
3674
7097
691
1803
9466
3605
8921
4267
4831
173
4069
9412
9940
2914
2900
5570
1806
8059
7282
5099
3656
4900
1011
5648
7603
7979
7783
6159
5856
8700
4677
6093
754
880
1419
3224
4855
9267
6853
2505
7747
7712
2751
3352
4253
4344
2336
4390
8352
8142
6697
6098
2292
7961
7573
869
4812
9150
685
4521
7100
8446
1163
2538
2139
1103
3544
206
1170
1014
9194
6221
306
7276
487
8328
2491
6805
7164
7724
9896
7421
1371
4287
9783
8045
3587
899
2419
4057
1036
7560
9042
3422
1798
733
8057
3981
9960
8076
3263
2829
8560
8387
3646
8545
5160
8996
1431
1605
3432
917
5771
7814
5212
9513
4357
7551
1722
6439
9373
9717
8243
6238
554
6941
9900
8082
7802
2199
9077
8503
1496
8064
3618
3739
5734
8140
7025
5605
3489
549
2620
3611
7243
8623
8041
8744
9873
9537
8870
5314
7940
4135
1663
8476
978
4387
6206
8189
7582
3405
9541
4207
3805
6716
6776
9047
218
6652
2736
6978
1564
7536
4778
7353
2976
2863
2065
4247
2203
2533
886
2396
2871
3267
8242
1203
4883
7180
9324
1732
583
1401
8200
4280
6417
7597
5208
1889
815
9241
1081
6251
6885
1392
33
9471
6692
2136
12
9311
9286
5897
179
9835
3776
7928
9945
7824
7973
1513
983
1196
7753
7287
6286
9823
7549
962
8332
6089
9846
874
2078
7337
6560
5851
8061
5453
4630
9820
2374
506
1376
3234
2157
6395
465
8357
4675
35
3180
7272
4925
2008
1763
5917
1352
6147
4692
8125
6349
9797
8341
5073
4723
7640
2821
8573
7202
6210
8137
1571
8262
7726
539
353
8959
8835
4256
6796
3213
2835
7958
6641
2722
5875
5663
1783
2161
2713
5762
7369
8592
2213
9581
5480
5722
1967
9221
446
9725
6994
5314
1283
2171
2957
7836
9613
2931
1272
6318
6416
3938
1203
5648
5007
2943
2113
3382
3955
1205
2321
5251
3062
9030
914
3352
7021
8991
9872
9880
7274
6044
718
6219
9169
9055
9161
5562
4238
8000
3021
7289
9378
7770
946
6553
3611
1459
4518
6227
598
3047
5515
4809
2464
2973
7859
7332
9936
8193
8214
2418
9113
811
1562
6581
8160
7669
7465
6243
6314
7176
6727
4101
3554
3924
908
4442
8022
5354
5452
1116
5994
3968
6381
2269
1654
9481
3984
6308
3662
9344
8027
4725
2594
3074
3453
1948
5441
2175
7394
1267
871
1321
3407
9051
3507
187
1311
7949
9814
5004
8252
9172
3088
3000
6319
2373
6892
2986
2736
1720
680
3639
8279
8521
4763
4030
6032
2977
9364
469
3273
9285
8677
8074
7012
2416
7084
5766
200
3260
6583
7683
6299
8684
4580
3715
4089
9226
9119
2859
2646
6401
2599
4223
2606
9071
2428
4824
1762
1667
1649
8119
6242
8507
4656
3859
4362
2864
5626
4292
8933
8348
8671
779
5940
8578
2111
4507
4419
5963
3342
1364
9547
4440
3545
3559
6463
4106
1289
2989
7356
5836
5810
5660
6368
1969
8604
6149
6436
5270
7146
8065
8536
2287
9107
5047
3266
2114
9567
6714
2296
7542
2471
5067
2968
3131
339
9177
1348
9841
5851
2645
6740
5002
5368
6660
3087
3426
5920
5754
8641
2740
8357
687
4927
9263
5317
2647
9813
2915
8734
4147
5286
8485
1979
3933
3215
26
3379
4934
3036
2887
5629
511
1553
1336
9180
9181
4845
8695
9611
9660
6454
2009
9124
6328
1891
839
352
2729
6009
7851
8075
6471
4734
107
2173
2855
7278
1073
7790
7706
1552
4315
3294
8341
4135
1944
7988
8583
5083
2449
1005
6316
6156
6945
4380
2497
7752
3325
9870
5954
2206
9454
8884
1404
7078
3824
8479
6737
5896
2061
9474
8604
197
8112
5820
3529
9262
6747
9925
6775
5211
7091
3857
978
2065
4073
4254
969
4463
6639
6323
4087
2558
3247
3180
3636
3958
3109
7902
3242
5711
7694
4695
3498
3461
9590
1608
1603
6487
9211
8036
8257
7582
989
8648
6553
3463
8119
1626
7913
9654
9148
4172
7263
1601
2798
7371
4295
59
1737
1751
9140
8429
7836
1091
6411
7149
4517
2731
6910
1294
7227
693
5078
6952
967
2260
8258
9136
7698
4556
6935
7362
7863
4246
9706
5642
4982
8223
9609
7652
6228
5546
292
1383
1012
5869
6939
3642
7612
5589
431
526
2279
6406
4627
9140
4232
3691
8901
4117
2059
2183
8091
9105
2907
836
3249
7881
5804
7522
5857
1247
802
7680
3040
76
5496
9481
2549
3836
3355
4190
5811
925
9904
6238
1556
5169
9328
4370
6365
1273
2964
457
7102
7072
9642
764
9813
9334
9538
2949
3696
7503
9252
4546
7528
2123
7610
4915
6549
7163
2425
5971
3165
474
1906
4337
4183
4212
1017
2743
8092
6920
3169
8611
7826
3164
8547
1321
6877
9234
798
9657
9410
4093
7167
8724
2086
3487
8769
7040
2511
7375
7023
4497
9564
927
6029
1121
8732
7277
1960
5959
6685
8058
9619
9365
7922
4727
636
336
7913
5339
7591
7564
9919
5073
6471
1734
4227
1244
4159
5674
5958
5892
7122
148
2888
4810
152
8303
2887
5141
4235
9849
3599
2600
7670
3997
9460
1126
1994
3310
3939
2979
5795
3506
5155
4875
6331
6370
3272
1425
5284
134
8628
4179
2749
5114
3684
3331
6087
220
7552
1304
1529
6675
7673
6506
5264
386
696
1632
1180
3584
3588
9109
14
5010
7070
4332
4848
2948
6771
6720
7338
4491
8819
9674
9529
7478
7784
8123
2765
7198
2622
2299
4890
5443
9139
8731
9801
9870
4973
4184
8092
74
4472
1698
5551
7969
2016
827
8077
269
7886
233
4790
7890
3799
4563
4951
7025
2946
1780
1202
1294
4086
6266
4219
8294
4141
4755
8396
9919
7062
1725
5518
3207
6168
3935
773
9086
1607
6033
3300
1533
2379
7360
8769
5895
4086
8318
8915
8519
9842
6632
486
5315
3401
3968
7697
3509
8672
6923
9940
3051
9747
2884
6842
5057
977
6425
4365
3906
8557
4081
8315
1748
567
6665
5481
6899
6026
4592
7049
3627
5778
21
3295
5535
7239
9275
2921
8562
5112
2521
6396
5239
3322
5190
3498
9223
9187
1986
9595
5378
2651
9206
612
6059
6184
1628
8559
7739
3103
5530
2629
3310
1067
4540
273
6834
2488
2771
7153
9807
2959
2007
5641
6192
6924
546
1118
9486
8008
4360
4359
9879
3497
8381
4895
7197
6821
2942
8445
1754
2753
5874
5428
1368
2278
6167
211
767
9460
7172
3239
9596
4974
1423
252
6584
3652
9444
6432
7842
4322
387
3073
6348
7568
6597
6307
3328
8717
1866
689
6355
295
615
8263
5555
9299
5919
65
9711
8510
1463
4922
3990
9322
2750
7750
8235
6416
653
2112
5292
6231
3601
4208
5914
3641
2215
1981
8685
8974
4464
4874
9684
8029
5684
8862
5590
7251
2485
6654
9904
9345
1348
284
2165
2008
3575
5994
1415
8966
1837
3367
1950
1985
337
4262
1226
653
9095
7153
2947
6161
942
6704
454
4417
7500
9535
4084
5614
1127
2846
1917
6376
4887
9195
9177
8770
1149
9194
220
6356
7711
9263
5888
100
4482
4408
9027
1490
4948
2235
8956
4572
1385
1729
5373
4379
3560
5299
9249
8311
8577
9220
2541
5362
2359
4824
7087
1010
9884
80
9198
7747
4850
118
7604
7490
3942
9942
5540
1710
9035
5510
6756
6721
1965
646
5350
3101
1395
4632
9969
8165
5079
8627
443
5917
5052
4768
5630
7595
9944
2282
7694
9876
3284
6504
5962
8915
6824
7014
5744
3826
1907
3125
833
7953
9883
4943
2876
5982
9877
1882
7036
2949
9809
8727
3397
4744
6471
9570
4046
7292
3737
4855
9362
2780
3525
7022
4073
7170
5671
8059
2082
6589
2087
9278
2113
6985
2193
8510
9933
9568
6000
5636
4730
6212
2838
4192
3181
3434
4425
4538
9270
4867
1993
8495
6513
9485
637
2372
4482
749
1274
1052
5002
3973
9691
3678
1460
9229
868
1560
6211
2667
8132
9678
5415
6929
7539
4920
1850
1320
382
9786
8089
8419
3893
1645
7962
2699
7435
3918
7816
5366
3850
1391
6422
4261
7377
4517
9410
4307
410
1615
2859
4902
1945
7120
9942
2736
6109
3245
8437
2049
9158
5764
4620
6675
1745
4228
7549
8661
567
9161
1312
7015
2276
7033
2779
1771
6266
7456
8691
6295
727
1052
4337
6033
7196
5097
8059
7014
973
7733
5163
3263
3922
9859
4960
5853
1662
889
5959
3450
8354
2571
2815
5536
2318
9822
4009
9850
6990
3910
6302
371
3813
4849
1019
1490
7506
2741
6881
2800
4696
7771
5115
2871
6948
1706
6934
6918
7821
566
5361
8447
9587
9417
722
5379
5105
6360
6843
998
6135
5880
8800
3793
6228
6976
6331
3555
6799
813
2971
8474
5421
2674
9774
3951
9891
4586
6464
6239
7524
5949
4876
5152
1959
874
7503
8379
2957
956
9428
9825
5197
1577
435
8088
6273
1177
8896
3451
7320
4593
5178
7587
58
6117
2511
8543
6532
1342
4333
5876
7068
6307
1315
696
1878
1881
7242
3775
4863
9369
5207
557
8768
6063
5180
4562
2404
1660
4886
4511
4427
1291
183
3528
2019
5851
3682
4753
7932
9173
8648
6416
4388
5042
9651
7067
1390
8009
1134
9490
594
7132
7534
5636
1737
7550
1228
9041
6120
9203
3176
8600
6017
1432
7018
5903
8082
3297
8676
3049
7772
3511
708
2775
8391
7589
6685
9802
29
7112
6980
7723
3515
5558
5168
5326
8936
5332
4520
5898
1873
4779
5361
3859
4907
5623
6620
7033
7787
6299
9730
2588
2904
5648
8640
5574
448
2669
5211
8208
9442
329
171
5676
1204
3307
8390
7731
8154
6997
4710
9112
5255
3086
1735
7930
2333
6090
9131
3516
7152
5384
2255
6889
8687
5566
1459
3734
8333
343
477
411
4402
8349
6362
1856
9250
9372
9467
1413
9650
7670
6771
9541
6982
7969
4211
1600
7836
9302
81
8991
6327
1553
6751
9091
8095
2964
5624
4447
2628
9006
1941
2694
4779
9526
824
4092
7951
5733
9581
4488
7642
3066
5745
1393
3902
4351
9134
5437
1821
7479
1160
2603
8492
9510
1332
4514
8912
5408
9581
609
9310
4351
1607
4479
2838
6292
4108
7688
8390
2912
9310
2317
1448
8679
7378
6657
8518
2196
1940
3692
4600
9852
3288
6620
3792
5305
4329
1369
9939
2487
8331
8725
6350
432
4706
943
6042
9489
5549
9807
3905
6221
4653
2413
4906
2596
223
891
866
4105
1109
2967
895
2532
2302
3641
96
1478
4283
3696
4995
8315
3936
2082
5254
9090
2318
9494
5219
3917
7282
7024
821
4419
747
1931
483
3502
1433
8689
9920
6316
2039
1228
6038
5270
5875
8188
4710
4061
1352
3421
906
2943
5389
3387
6547
9789
9855
8613
107
6982
6290
6147
7148
1431
1299
2035
4529
7371
4425
3877
9550
9326
4331
1173
5676
3102
7743
4636
8885
7510
9106
8138
2991
775
2727
6966
5923
9427
949
1047
2819
7786
5076
2540
3768
9015
2994
3813
6420
7120
9535
3152
4540
769
8547
1472
6795
1179
3122
7712
7061
1149
3686
1325
8660
4744
7569
7145
2905
3491
2727
2289
2852
8350
9453
6318
8160
4684
4012
9291
177
2272
6107
2530
182
5944
5766
3596
3850
6069
999
5538
6202
8404
8289
8758
5183
1688
3764
4311
1401
3901
9126
9279
2960
4292
3351
5040
9383
37
9426
6077
9573
9326
2765
2797
1072
6750
1847
7009
9633
977
8673
3119
2543
4771
9622
3269
8092
3591
4095
8583
9792
8240
575
2427
4072
2875
656
3165
1583
4723
6101
1487
2513
3243
1782
8595
7959
6682
4353
5482
5673
7838
8204
4504
2636
95
7208
8234
180
8444
7892
7389
1048
5050
6915
6179
6600
3873
9718
4190
5345
4593
3978
853
144
1204
6112
2162
2552
7831
3240
2507
5395
1091
6068
2982
830
3648
3231
7012
1325
6440
2625
7296
9651
7935
2118
3163
5213
4636
1440
7172
8752
2172
8635
4763
3879
1034
3838
7367
2117
1387
6160
2520
1377
4260
2389
7970
7169
5030
970
4970
318
1851
9231
3314
4825
2564
236
1093
305
851
4600
3874
5704
3725
4766
7044
8926
5669
8526
5306
3011
632
1597
6828
8760
7723
842
1026
5177
9465
2749
9924
5923
4198
6401
7248
326
8403
7251
6141
4908
7183
1847
3137
1812
3558
6539
7811
7626
5288
4624
1436
1534
2118
806
1771
6076
3980
8561
8739
628
9284
2508
2030
8473
9858
6528
6611
4266
195
7449
5490
2432
4507
432
7006
5538
7094
6422
6834
5314
2154
7670
1551
5455
5306
7332
633
982
6017
501
1501
8915
2934
9317
1367
6236
2875
7121
6700
8040
9016
3329
4154
7591
4765
6876
4018
7121
2490
6704
6342
6980
793
2452
7272
2591
5198
5092
3714
7564
2691
1551
4631
5556
1702
4817
2380
767
1648
1953
6620
350
8281
3313
5582
5135
872
9590
2638
4535
7177
4899
6668
5855
1112
2187
4211
7270
6889
8218
8990
8376
6075
2133
1535
9768
4260
1130
1716
9707
3277
4276
7709
9328
1137
7731
2585
8604
1435
2347
1512
1874
8919
8722
459
3267
5699
8943
8148
854
2565
1581
4331
4203
1681
1792
9562
4276
3879
3166
7667
8826
5802
2153
1216
1058
2259
9162
9501
8721
5147
5847
1426
6388
5926
329
5914
7715
6657
5555
2912
6276
1325
3021
5908
1676
5054
1544
8548
7290
5066
8103
6213
3597
9312
3472
8453
1481
6184
888
2938
4919
1900
5501
220
6194
1083
470
4214
3304
3382
7956
478
4529
2159
1724
9153
2644
3081
1197
208
540
8241
9414
4881
4083
3387
6646
5775
6979
8135
322
3487
7585
7607
544
6073
8045
8493
2096
3527
2478
3485
680
1938
4604
1342
3062
8680
8058
3293
4686
1376
9887
4089
582
9517
2755
2074
2584
3638
1631
8809
5983
8324
5985
6302
6042
7449
9569
722
9939
7280
5066
7837
6205
2400
7818
1142
7824
4175
2692
8040
4051
3203
2879
6012
7438
6824
3708
1981
3582
2111
5194
4512
1098
1999
8040
8492
8367
9223
5031
3954
8739
8461
3979
8948
5470
3003
1497
9703
1459
6903
3277
1494
64
1732
9056
8360
154
5280
4108
3026
6557
6451
612
5605
6227
197
2694
6819
2780
1155
5747
7480
6532
3066
5502
1140
6210
7872
9806
5934
5552
4229
8785
7298
4585
2324
6559
914
4384
2400
9836
7540
1087
972
7102
5947
6740
7765
585
9939
7464
6070
2528
929
7338
6383
3821
3893
3746
5751
864
6300
4795
9269
7276
7339
4915
5825
7727
6010
5982
2516
1649
2095
2900
1959
8328
1125
6561
3360
4249
7031
6891
7553
414
4915
5607
8863
7562
939
2917
5006
3954
8557
8784
6458
1637
7630
8
3742
2486
3744
645
2450
2361
2419
8933
9588
2931
6760
1494
2694
5608
8190
3929
2409
8748
2029
4707
2308
5623
9023
6746
2963
8263
1613
6424
4059
1922
1111
373
7605
8472
2829
925
5570
9539
8580
346
7669
6549
594
9307
907
328
9350
8264
2562
3482
5061
2500
6487
1954
4375
7561
2239
1508
3106
9263
5132
3110
2670
5275
104
6650
6745
4973
5199
4554
3202
2381
3773
9529
3345
1364
2332
5088
4963
7010
1920
8938
5436
6309
8428
7794
8487
8847
2441
3690
8570
1263
5231
4017
909
3409
7388
4089
4848
1712
6695
396
879
1332
8775
4534
6527
6096
9626
4239
8306
716
53
2304
6129
1704
1523
469
6945
3646
4158
7730
7426
7271
1408
3502
3394
8479
27
3591
5359
5884
8979
1424
85
849
6639
4344
7857
4946
6832
2312
1087
4766
5578
7604
7217
2819
7446
6552
3339
2359
7650
5041
4719
6835
3012
7524
2112
6372
2392
1520
1007
2255
2324
8488
5192
3171
8674
2636
1970
3723
8622
1014
4607
944
4128
3787
2050
9462
1986
2163
7643
2373
2814
9574
1795
2587
2530
9925
3464
6622
6504
2
382
3926
9259
6061
4416
3571
2138
2192
4221
4159
6468
4271
8354
2691
2323
3732
5130
1963
7691
365
5434
5033
2629
2219
3200
2033
6664
549
6266
275
1119
6855
6051
8094
6523
4946
4846
1582
6506
3601
9199
6529
5516
4212
5541
2238
6553
3870
6801
9247
169
5784
9022
6204
9642
8096
4724
9930
4210
7484
9650
8450
5880
5942
2020
135
6568
7818
9147
544
1545
1993
4412
7552
3775
7223
8698
4028
6978
9582
9237
7858
1044
6487
930
6116
593
9841
4431
3537
1787
3155
4754
6089
1591
9040
9526
8194
1867
350
6607
6413
2134
9749
621
8177
7028
1883
9580
5792
865
8768
7572
7426
3351
6585
3940
911
8105
1514
6104
5346
4752
5323
2746
6317
4903
5483
6190
4828
7950
7326
8767
2056
2505
5319
2613
3509
2431
1961
9887
9477
4798
1781
6651
2532
3035
8443
8231
5479
6250
7498
4460
1137
7844
7924
5587
8061
5186
463
9292
9635
6394
2236
2244
808
4379
9951
1235
3694
4749
6800
6257
4309
5647
3597
2729
5974
6272
4286
6241
9073
6506
2799
3381
4077
2664
5524
8765
8233
2654
635
6977
6917
6577
9565
3615
2302
7136
700
5714
1162
9666
3156
5223
2411
7062
1607
3681
8389
2728
6515
9848
5528
4867
9767
3811
5701
7365
79
4711
9886
7518
6956
159
6809
737
9010
3222
1423
574
6026
5735
7605
9089
7043
1597
8205
1402
0
1852
219
3210
9310
1317
2400
5261
264
1999
2468
4394
2558
9295
4977
5119
5605
5966
2548
3770
4427
8597
555
1031
9569
5032
5817
1936
7053
1372
3811
9534
7215
5938
5670
9195
6319
7357
2133
6625
2017
7759
275
5838
5568
3800
8674
5890
4998
4707
1700
5628
5533
5499
5671
5932
8589
7068
4500
5244
3163
1851
8691
3261
2814
7889
7663
8943
8912
8170
9386
6727
5615
6681
1706
827
6451
2975
809
8566
8650
1566
1402
130
9072
1508
6141
6643
6100
4125
9523
2371
2281
5911
2282
4921
693
9579
9650
546
6882
4027
6573
4829
9236
8026
8648
6902
7406
7984
3392
6370
7594
2199
9509
3612
1402
8753
9159
6657
1402
823
9707
1206
4351
5654
4222
3899
6678
2277
3466
4493
284
8006
6133
7892
186
6965
5652
1383
7393
6284
9671
4696
1630
3927
9905
6410
1835
6815
9969
6734
3197
5961
244
3340
5121
9795
325
1658
5518
6894
6584
8899
4154
3172
3280
2276
7441
7672
3808
4389
6644
3506
9962
130
9090
8516
2065
2463
6252
7837
4662
9377
1762
3896
7525
2317
3501
3088
4038
9036
9429
2724
7281
807
8218
255
2488
4943
7999
5637
1626
3153
8956
1158
5084
7263
8449
1373
1309
9952
4462
9369
9581
5573
2060
5526
8835
6460
8393
4038
4621
7137
3382
3462
4066
9022
5078
5299
9500
3206
5075
4977
6921
6699
2496
8785
44
2880
3852
8129
2075
2013
3396
7499
7061
9412
6495
18
4545
9151
8937
3704
3701
307
7702
3934
6040
4461
3886
5270
2430
4983
6631
8675
3990
2431
2100
300
572
6996
7530
6057
6574
4409
7496
5379
5990
1703
1612
3111
7718
3637
1527
948
2130
8091
3485
8507
5965
5533
9585
520
494
4002
1946
1350
8532
5280
2650
1722
5754
5090
8646
7168
2728
6057
9123
3713
8965
9291
8208
2741
4345
6471
9314
1395
9713
900
5304
6256
1247
8486
2912
9038
4551
9699
3150
763
8373
3970
8626
8568
2976
1274
5555
5021
9041
5064
8853
7350
6808
9800
5932
6393
1935
3868
9643
1449
6114
2530
5616
9477
4924
9094
1494
9067
3346
785
2683
2256
2740
9436
4350
1655
1445
8588
57
3092
2516
7104
4831
3956
3973
1847
5911
3600
1432
6195
9069
6042
2478
7154
6809
9556
1683
8960
7695
5290
4418
7479
4799
3948
8472
7090
3867
1483
5678
7848
8130
3663
4333
9361
2577
353
9440
7953
3849
7141
8356
200
6067
5561
5876
1255
9849
2230
185
9079
5062
3620
4990
8540
9442
2651
2067
629
1004
9771
854
9418
3018
5356
5918
2835
6451
7953
6066
6178
9560
5493
1094
4834
4487
2962
3441
8356
8609
6597
5700
3600
1714
9273
6319
6117
5204
9186
6913
9092
458
9309
6875
8457
3074
5795
4499
3643
730
1909
2148
9012
6964
2183
429
4428
9478
9436
7768
5011
5742
5785
9957
6685
8500
7130
696
243
2426
6851
9744
7678
6651
5805
8726
2389
9582
8944
5689
4965
9063
3937
239
9265
5991
1280
7437
2688
4078
2286
8901
999
9222
1285
8771
5843
439
5649
5125
6267
3736
9380
7749
1488
8046
6469
6509
7272
7758
9565
8392
1701
2127
6575
675
4714
5060
1929
5634
2422
7676
2380
7016
5323
8843
5131
1046
5190
2545
1585
9620
8250
5782
3429
8142
9519
3836
2087
3415
397
7150
6514
7616
1880
9900
5833
8787
3605
9038
6285
4947
3561
4591
1490
1539
5854
2659
2716
4751
7147
9890
2931
1309
7028
6003
9101
6800
8347
176
9709
1498
5109
1117
5956
4522
9909
4305
6678
5916
5036
7725
5907
551
7433
3363
142
8255
7743
730
4015
1556
3826
7113
6099
5535
53
8515
1457
171
9618
1366
1143
952
3646
399
5017
1803
9691
4366
7105
369
2738
8254
1884
7054
3514
2460
6554
5071
7117
5946
6333
2729
5172
4723
3074
5012
7959
5527
7869
767
7656
5125
6917
7203
7722
7091
3614
6245
1826
2383
3033
6797
3226
217
5800
1084
9934
501
728
9189
4248
6214
3129
8066
4332
1363
450
2266
2434
4141
2969
8824
8945
6860
8217
2048
7385
1990
5535
8579
8332
4941
8848
6503
9919
7405
1917
9540
8830
8344
2180
7905
4288
6327
2597
416
2667
5178
2191
3565
7987
8130
7003
1505
134
2778
820
8160
2984
2490
7980
745
4547
4232
2934
4224
8616
3691
4027
1140
4113
3197
6396
4647
4993
4190
5669
549
562
7679
266
6863
5710
9915
5042
7627
409
7222
7116
1915
3529
7141
1060
572
1132
417
5325
6482
6509
5670
3917
2476
4095
4815
6396
8619
7022
474
176
9798
9855
8523
4816
7604
1899
612
7495
2835
312
2910
8195
1061
2193
2946
4494
3802
2863
9325
8161
8421
2406
2764
9943
9838
5421
8396
3228
9216
3384
3200
1517
1142
3539
7563
1845
3882
1620
1988
2362
5757
4393
8747
4184
1301
3932
1440
2385
1929
4242
7456
707
1312
7634
4011
7173
2134
7513
4209
9126
5911
8594
9613
3585
6455
3776
2871
1294
4869
2911
3645
602
2678
5804
8325
5529
9219
484
8053
1206
7189
7505
6506
6640
7913
7379
1723
8462
9302
8632
8471
5519
2948
8308
4525
1159
5494
8966
1132
8535
2988
5526
7304
8842
7759
3224
8727
8286
8671
5065
6280
5473
5638
3833
5356
724
6672
2094
7764
1034
5718
7782
4121
3979
3010
9969
1950
3241
7993
1375
3316
2711
5496
9106
1657
3712
5759
9228
5448
7993
2286
3151
6822
2977
950
3495
9427
5076
7619
1138
930
5741
7464
942
7809
4123
6958
9497
1913
5041
1148
1745
6560
3362
7765
240
6471
9604
71
5468
7233
6180
1107
4615
2895
3517
4513
3384
6041
6299
3554
1624
7570
9304
5626
681
479
7905
411
440
1810
6028
6766
5468
7528
8348
6759
8749
5729
636
3149
9411
5173
4223
9290
335
3310
3308
7964
532
9684
9829
2786
9378
8304
317
9257
922
2321
5175
7191
2616
6104
113
182
9946
3315
2797
2486
9527
9611
1835
9942
6801
4698
3692
5182
5873
7483
6233
1603
350
8323
9418
3192
6192
1045
8651
383
9412
4636
4896
9041
347
5795
2055
2411
4211
1465
4505
6296
8615
9803
6122
6654
5353
2145
4110
8075
3385
6095
9676
7972
8282
7739
1159
5778
8313
2595
7647
547
342
9260
9542
2069
9651
345
382
6609
2416
7251
9922
8681
4031
3589
9364
9163
1277
5747
13
3870
3316
8196
9961
1464
222
469
5239
7509
177
2288
1357
6666
8997
4506
4453
5756
4956
3453
9095
3571
1238
5577
4989
9201
1010
6547
9748
6553
7404
6578
8905
1335
5917
6697
9693
8212
2361
5054
6719
8727
3900
4991
4206
979
9936
5456
9957
5860
2059
3755
6995
1
2314
5256
7051
569
5194
3425
7415
9783
2428
68
7601
4770
527
3937
4540
46
3071
9251
411
82
5794
9020
4659
3836
2069
8221
2190
9918
1379
9252
1931
2504
6683
3087
8266
5795
2542
6329
6479
8540
502
4196
3581
7460
2267
6572
6185
2411
5165
2036
9363
8103
7708
399
2938
374
3045
387
5598
3607
437
8428
9251
3903
5114
5085
1844
7163
2453
5178
5078
8941
2446
7426
1904
8412
5549
2880
7685
5279
1109
8541
7263
7754
2499
3533
693
8171
3103
841
4703
8563
3701
9920
9498
3218
7153
9690
9255
7201
2555
2451
9390
219
9545
4326
7362
6970
4675
8691
2896
2789
6090
7010
424
8092
3010
226
6597
3283
529
2390
2580
6778
2819
7190
5667
9568
121
2376
178
8812
8409
1636
7017
2050
2630
6610
3182
9187
2488
9853
6821
2679
9804
9022
7617
3681
8194
8983
2248
5387
7913
8055
8745
2080
8477
2938
5243
8945
8709
3728
5210
3205
3657
8800
1053
8405
3890
3524
3430
1812
4708
9168
5307
1472
1423
2797
1419
9773
5021
3737
4943
9098
8638
3346
1242
1497
8662
6427
6550
5632
7919
4813
6290
6248
7694
9468
6193
7188
9742
6392
7272
3737
1153
5317
3822
8102
8652
5208
9512
7059
5966
6941
2079
5181
3478
5940
4423
6018
1285
8083
7698
8907
1648
6776
1666
6567
3719
7678
6572
8255
3465
3669
7118
3864
4973
1598
791
8901
1636
8349
8457
3941
3179
126
3890
7552
373
3267
3719
314
3077
9711
6630
8988
6292
1184
8500
9884
185
6784
512
6195
8639
2319
8909
1134
2051
7564
6945
2551
5047
6673
3964
8494
2023
3245
313
2169
829
2353
8377
6252
1350
5337
2733
6179
6996
5660
7981
4955
7313
8185
405
372
816
8384
4236
7017
6141
7454
2217
9761
7604
4758
9374
9778
2501
4292
4900
561
8257
2078
6704
5414
76
8617
3896
9908
7293
652
9867
1221
997
7408
4068
3808
8924
8237
4690
6165
1544
8869
502
5242
8335
4199
7874
36
7316
1991
799
5254
2142
931
7452
4347
5365
5076
3495
2166
6133
3196
632
7574
9744
9212
7036
9833
2388
3001
2710
1898
5383
9444
2329
8433
4409
3398
6447
2326
4238
7758
8094
7855
883
9
6464
8253
6899
5379
2479
7954
6182
8642
4933
8839
394
331
9377
821
6267
5697
4539
563
6919
8169
4709
7445
3414
9847
6054
5454
4641
9711
7986
7648
4571
866
7663
2366
8874
6514
8222
171
4510
8978
1660
6474
7575
1048
4586
463
4783
3939
7328
8894
8704
549
2011
9231
6118
2989
444
1385
982
8021
6247
5269
7609
5542
6837
1158
5320
2428
1833
6927
7352
2486
1361
4291
8613
3135
3823
9284
1330
1498
8676
5650
8644
847
7961
1883
5551
4440
9780
9552
2439
6438
5167
4568
206
7515
2038
4117
7584
9717
449
4573
6935
5241
505
3095
5197
7040
6654
709
6734
8459
321
8837
8992
9511
8562
1835
4371
4462
6626
3865
4421
2189
531
8822
4493
7871
1609
759
8594
989
3161
9093
3880
8394
9009
5554
7046
2591
7748
6687
3025
5819
3491
7034
1359
6572
1860
1964
9592
4844
796
1485
6160
5916
1276
3112
2963
5846
4239
4738
4930
2077
8259
4676
9801
6466
284
6062
7892
5288
450
7439
971
1695
5003
5714
4246
3612
4993
6502
9769
6112
2736
7363
2756
5354
4214
8985
5381
9334
4419
7731
8208
4746
4578
408
4924
4720
9270
7323
9569
5981
5972
4799
6642
7638
9400
7846
6958
5731
5503
3755
8846
2045
2694
2162
3697
9835
2120
5488
6142
276
9621
6226
1918
8315
2341
9514
7358
2361
1550
6714
7310
4823
6708
224
1497
5632
833
908
5156
6992
5036
291
2126
4903
6409
8547
5790
3570
7610
9480
9947
4794
9304
4524
9044
8590
1899
5638
492
4257
1068
6300
5801
5380
6641
6842
6427
8965
6294
4371
1285
1054
4934
7715
2598
7181
5957
9657
1283
1223
6519
5104
3616
5110
7253
3552
8380
1326
2270
4285
136
353
1834
1299
739
2154
1977
3400
5778
3305
7940
9159
2404
9682
8510
6761
2786
3297
7605
1102
2509
1009
2147
9209
9895
6212
9700
8754
8114
1051
8138
3052
5259
1674
7308
7602
1273
7081
4369
8755
8134
786
5259
8890
6089
6258
3490
9300
2203
945
8649
4427
4654
9612
7604
3525
6844
2298
3149
9595
5133
980
1509
6744
5194
1983
7416
816
7141
4972
8671
1615
1888
3719
3219
8241
4423
1657
598
7394
2113
6008
6070
435
2115
9477
9105
2294
1536
9260
4307
2317
2080
9551
3381
4586
4369
2105
7843
517
45
7878
8956
1064
4643
9173
5820
3061
2012
4247
3263
1803
2880
7090
1475
9311
9404
3400
4340
5385
43
6212
4215
8197
1462
3349
188
7175
7247
3848
3029
1726
4860
4141
3207
3988
4025
1791
3169
8618
1048
5248
8332
216
5169
2227
8425
8802
2899
5530
5620
8244
1808
2305
8341
4084
5811
7963
1784
3481
3215
9791
2854
639
5579
3692
4242
5740
5989
47
7301
9094
627
9682
8036
748
4646
8044
77
3553
8771
7807
5704
7917
4420
5025
8067
392
9813
4880
5921
7833
4906
877
679
7329
1660
2818
17
6354
9692
1016
3366
6051
8369
6837
8856
5032
3144
519
1078
7074
977
8950
5537
7721
9472
7183
4974
8003
2619
9063
3833
8282
9775
6314
4016
2141
5409
6656
7087
5835
3773
7492
4322
2775
4743
3974
4945
4031
1471
9537
7687
3245
9164
5035
7304
4787
892
5665
4590
2224
7929
7959
3680
8594
3747
658
4345
7885
1479
3369
7965
4045
7571
390
3525
6334
9540
3908
8471
5777
9730
5613
6647
6906
8827
3166
3155
5841
7496
8786
3374
1754
3884
5064
3243
3324
9922
7103
8599
6085
1346
5195
8666
5196
572
6106
6860
1605
3328
6797
369
8100
6704
720
5926
70
3180
111
9768
2088
9925
1597
9677
8193
3913
9059
3776
9209
5192
410
1011
8891
3939
9485
5805
8198
8495
8274
1618
6483
9224
840
1783
6255
2134
7657
270
6342
7637
250
4728
7070
3984
8126
5805
4702
3555
1520
7406
2463
9949
2158
4311
3328
4687
4823
6140
172
5903
9488
6999
5368
7432
2476
9349
4424
5882
7730
8749
2728
9752
8323
2757
3657
8894
9058
5077
9483
9773
2441
240
1286
7769
3683
6185
1178
9789
2050
4358
1426
8952
6844
5075
4268
2913
3553
6540
1673
6301
4659
146
1728
1375
4145
9735
9605
7737
2418
3289
7168
8276
1554
6870
3215
5710
9383
591
8443
7801
9868
9626
3624
299
5644
9664
1780
2516
6128
2123
1561
7636
4300
5571
2317
9432
2889
2942
4534
6023
4495
8519
690
6422
413
3439
5446
5468
3057
2221
239
1932
9857
8484
6516
6305
6605
4564
5380
1697
8116
3585
2271
1397
7462
7361
136
8486
1182
7835
5661
6596
2164
2992
1594
7066
2171
3123
8727
849
3897
5680
4902
2812
9021
5793
6660
5230
661
5712
9445
7769
3569
216
2032
74
1926
122
1747
7695
792
6656
1859
2370
3627
6811
2201
718
3879
8884
3373
7087
5039
5615
5766
4021
1696
4305
3549
3014
6143
5329
3379
5622
6116
9065
1815
1573
3065
246
5206
5379
5115
7850
6330
2764
1713
3305
6270
4302
2105
4713
1365
5195
1507
5059
8724
2926
3048
9120
6459
532
3293
9967
177
5801
1273
3226
8488
4516
9001
9396
2061
7657
1814
1591
3817
7035
2655
6250
8251
7396
5503
8663
7277
9008
7166
4038
1567
3644
8884
8944
9935
2708
6180
1465
8251
5125
2065
9957
7308
8184
6947
5284
5031
108
3584
4490
3162
629
1974
6634
2204
6584
2431
2511
1726
4539
9197
2499
6816
8068
6154
6200
3279
3477
1057
7688
6240
214
341
1420
9011
2527
6411
3260
7718
9786
5771
3451
409
5541
9972
3344
382
8091
1099
8228
8779
462
4592
5608
3350
1805
4499
5520
4877
2392
59
4911
3999
1665
9784
4077
9337
9404
5833
8691
1332
1966
442
3066
3584
1889
3637
2540
1362
3834
5489
1167
9809
68
1297
883
8574
9592
1458
6620
8423
6189
4240
5535
5382
6262
7221
485
975
2631
224
6737
8089
5351
1536
7728
1174
7788
8567
6456
3478
2474
278
4167
7734
7096
2376
1921
8716
713
2684
1852
8080
7255
7081
6483
7690
417
1074
6087
5750
531
7133
818
4717
3556
5192
6078
1978
9049
2233
2751
4441
1680
5932
131
3065
827
5205
8003
623
8693
8810
5650
8141
9432
8240
8364
1669
2048
8595
3084
8895
7605
4058
4590
5336
8442
4045
473
7927
1315
3476
1424
8727
7979
2786
7732
3993
2256
1653
6688
4113
4719
1857
6542
3556
4932
800
6389
8243
3851
7070
6660
4669
2041
8650
7499
2645
7539
6091
4108
2349
8803
6155
7364
1155
7870
2953
6249
5698
5054
683
7837
3652
7822
8120
5628
1736
9402
3414
2924
629
4643
8150
4783
940
7442
7739
4686
5373
3089
5305
6688
2159
5367
5590
7253
5014
9343
5965
7770
5918
5044
7635
4702
2488
6055
5600
9000
891
230
1723
4272
1299
8365
9311
6901
4272
1863
4141
2398
71
6137
7594
3376
7617
6405
3059
8724
8768
8301
4065
9089
857
2849
4917
1495
7468
4987
4574
1804
9884
1514
7696
5487
8649
7301
3662
6634
3232
8654
3709
8136
6486
4169
393
1083
5854
9105
4063
2271
5301
3542
5562
7928
6218
5387
721
8290
6182
4149
9335
5610
546
1612
7052
4092
8504
2242
649
8500
4767
3140
6324
458
2875
8755
3618
5561
5277
1653
1909
2210
7726
9444
8600
7545
9212
6478
2189
7947
7548
6388
1985
304
9001
5814
9336
8764
537
7269
7261
3113
7900
2672
8189
8849
724
9093
7080
525
8324
7351
9377
800
1390
5519
4522
9769
6010
8519
5384
5000
5956
8942
7354
214
5750
5428
2058
7275
5078
5613
2141
7930
3831
2825
2141
9434
3762
1039
5529
1243
3246
2273
9522
7963
7510
2642
1983
6901
6516
7687
3896
9905
3800
5360
1010
9553
5162
5135
8725
4720
3754
8454
7675
992
8449
1638
5810
4946
8558
6711
1210
9120
108
3522
3263
3562
637
6024
8244
3532
903
4324
3868
8648
766
7576
9459
5135
6545
587
8489
1981
3524
1141
75
4996
4930
320
7780
3443
2044
8774
4217
9541
4732
6627
765
4274
9176
5689
5953
7049
5895
644
8975
1639
7518
1996
2905
1676
1492
6006
1033
7007
4185
7188
8852
1021
4706
7593
9544
3864
8826
6919
6783
7694
7232
3005
8415
103
5248
3742
2806
5661
627
5167
4994
3602
2261
9266
379
5594
5304
3416
5743
2909
6778
8516
1431
4159
4817
7191
6175
8894
3816
855
6478
2455
4229
4005
7416
8423
8258
1409
6698
7696
5678
8292
4705
2659
8098
8150
8411
3210
5526
4015
8020
6988
8709
1059
76
1102
7735
4956
6860
2494
8434
4963
553
2032
9323
7617
341
7656
475
9094
561
5464
927
6305
4682
8029
9136
2157
4538
9487
991
2373
588
6879
402
7348
3329
6121
5375
3418
7817
2166
826
8378
4438
2171
207
4250
6133
9331
1404
2412
1422
3529
8695
4931
5634
1403
3174
577
2770
8094
5055
9363
5480
5610
6562
5659
8663
3573
390
3800
8312
758
5842
1928
4732
4012
4144
349
9509
9342
6611
1738
8297
6048
4768
1023
5831
5505
7743
7126
5365
9682
4760
4087
2270
9917
3641
5778
8031
6373
2004
87
8363
7351
5858
6062
7319
6794
2946
4985
8683
5773
4856
6643
373
1444
9294
6278
7218
6432
836
6035
140
8882
1889
9756
2839
6591
794
8001
6543
7955
4662
533
8670
8013
5981
8861
9624
3154
1795
5050
9079
8251
5005
7985
4077
6455
3985
406
7193
2488
6088
6275
2092
2903
8659
754
671
2773
5138
5771
639
397
5395
5651
7927
6125
3150
7533
7648
5671
8218
2271
7150
7270
3892
7516
8485
1142
1592
7368
6944
4943
987
2773
2603
7854
3146
6769
3977
3914
4237
6518
1421
4424
1613
6389
8598
2992
9124
3984
992
820
3005
9453
5468
163
2551
8384
1552
1773
6725
3907
7359
8829
103
2024
7953
9125
782
9599
7102
3710
79
394
1557
6499
5195
1211
5791
3561
3888
2901
8925
4851
3234
7178
4109
3400
9057
7108
4780
6770
4132
689
3989
6104
7044
9702
7742
878
8836
8017
5247
1350
5804
1046
9280
95
644
8943
8683
3605
5799
2715
9442
9559
9261
7470
6941
7288
7867
3438
4380
334
8693
2994
3971
5508
6880
5187
3911
8221
2081
1446
5245
7659
1927
1571
2677
8158
4248
2116
9572
3528
5397
3233
7338
4443
3159
7252
391
8587
9010
3269
3260
7039
9813
1034
1608
1905
7193
3732
158
3640
4749
5556
9061
4298
8907
5085
5355
7040
1261
6785
7269
3488
150
6228
5695
3275
1387
4455
5286
8635
6344
8309
630
37
3558
7860
7253
8630
447
1444
1694
741
3520
4368
383
8088
9673
1674
6082
1439
2211
3849
2032
1050
148
5972
3523
2833
6731
2852
3467
2826
3364
8392
8700
6046
4240
7061
5131
7387
3343
9262
6887
9764
6735
5348
7489
3648
8739
4397
5500
7394
8138
4073
8268
8106
9866
5690
6836
7636
9421
2006
4731
9121
3475
6261
1453
5866
5143
8645
8710
4218
619
1723
8276
1161
6439
9681
7065
5445
4346
2196
3101
3541
9617
6922
7672
7810
2027
1356
7653
4283
4229
1533
3620
6072
9241
7466
2917
1279
932
8271
8060
7552
4365
4004
8033
9452
2706
6076
2418
6930
7274
5446
3713
3670
7768
671
3620
9070
5316
4493
9699
9275
7755
9211
5744
3835
849
41
1311
7078
5206
6086
5461
5634
6490
4
3522
9126
8333
1990
8683
8160
6305
3325
7249
2222
7341
9957
1322
4984
8484
8478
7035
7242
3335
1363
2178
3912
8096
7894
6236
8997
3538
2414
7673
1220
344
5817
1007
1438
1633
21
6867
410
449
7306
4279
2350
6765
1775
4699
3047
9018
563
5977
6903
8008
419
5753
6280
3417
2572
3947
6951
8810
4659
1428
5321
4681
6441
5076
8459
4811
7053
3074
633
1108
5595
9356
9492
3677
8711
5056
4686
8639
267
8518
6229
5249
271
8555
6071
3663
2080
9135
2843
409
1097
3103
3130
8894
364
5399
5306
1656
7495
5151
1163
6474
6472
6381
4550
8824
7436
1363
9490
2691
7234
5103
2426
3195
5433
4841
8373
9250
8485
9611
9904
946
7805
7075
7070
4849
5920
4019
8144
4240
1101
8926
7928
1884
2088
3456
8810
6067
7594
1785
2971
419
9081
678
1912
9625
5143
8037
809
7259
9132
5312
531
1624
1428
1775
4123
1297
4824
4945
2465
4964
9878
6936
4912
5856
6287
9264
6047
5469
3992
9021
466
9150
4464
9412
258
4988
5074
2258
342
2581
1398
49
5786
7814
8624
1995
9329
7635
6897
5880
6588
5190
7838
1185
8377
2251
9373
2476
2915
4662
8969
7740
1104
801
7416
8170
2533
7359
4909
4264
1804
8268
9078
8641
286
4734
38
6176
7646
7512
5568
3324
1570
9862
8309
523
4111
9058
351
8142
6777
5200
6734
7995
5235
1393
9229
8731
653
5131
4662
9073
5493
4481
6136
3644
2623
7675
8055
7931
6183
5356
1270
6382
2906
9500
7467
7323
5706
7855
1766
8528
7489
9416
5009
1272
2201
5763
7491
307
1849
6145
1762
943
2841
8245
7585
1823
6234
8836
4028
6548
1967
3201
1611
2737
1906
7644
917
8096
5125
4968
6422
2824
7307
41
9903
552
8798
7358
5083
8970
9716
7649
6252
3738
1269
6701
1595
3734
8535
9853
6602
5852
3319
6965
6153
4514
4590
9074
2644
5035
4091
2803
9791
1126
4216
4586
1703
3352
8743
9016
2870
826
3183
361
2674
8739
5562
9618
2190
7935
7753
2017
6584
3499
5370
8330
1370
8540
6531
567
1478
4015
6992
3213
161
8400
1639
1316
8020
3624
9144
4476
4442
2952
478
8375
9796
8604
3869
6645
3952
4955
3975
8984
9202
2841
2754
6798
4111
2593
3858
7781
4337
7747
955
3420
5483
3531
9230
8546
4811
8340
8149
7013
8324
8348
8900
6109
5719
4647
9952
5749
6455
7033
8478
7491
6594
5990
6736
4600
8462
4962
4101
8797
9003
6573
9097
1753
2175
7479
9872
5341
7319
5043
3235
9022
1759
1926
715
4172
7716
7843
6938
4117
2720
9024
2480
2277
4563
8389
7454
499
7593
6059
4965
7764
6689
2290
6054
4149
8322
4188
7153
4266
6530
9933
4467
3445
213
5580
5301
6744
6186
4466
4534
5659
4886
3202
9210
1982
5272
2115
7904
5688
6838
7439
6534
7200
330
3628
7868
5420
8333
6077
3647
2228
5921
9317
2829
7941
9528
8117
2246
8726
1831
5377
9223
805
2979
530
2345
3835
1587
7503
2230
9099
6078
1268
5488
1912
76
3701
3507
161
9770
1486
500
2423
2904
1559
587
3222
4769
1957
8460
9684
3467
758
5635
2591
8608
9825
5727
4027
8222
9338
2030
635
3981
4211
9806
7554
6565
3225
8307
2357
4767
6728
8064
1498
2476
4412
7358
1096
9650
7417
9850
6090
9460
5122
8793
6297
3606
6720
6102
4032
5738
138
6562
7381
2955
4994
5342
4367
2127
4196
9066
2645
1197
1494
8940
6394
128
7935
1640
4325
9008
3695
9787
8488
9332
2465
9557
1887
1874
506
9406
305
4914
1523
7379
5589
9959
1193
915
297
2995
9659
8902
5384
4689
9925
7220
9669
4082
8201
7589
4912
2717
3883
325
8886
139
4312
5119
9284
6326
520
6866
6880
6556
3155
5901
9622
9871
9960
8069
471
9623
5302
2132
4820
3552
4009
8190
5777
1419
2107
4251
6211
5144
6361
2481
3498
9406
2233
605
4375
2912
2255
4518
1572
5241
5171
9400
1554
9474
8989
2943
70
8236
3082
4913
1165
1456
4533
5262
5549
4840
4286
4881
5740
6993
204
3525
2570
7795
8495
1359
9351
2936
2721
6249
447
1722
13
5869
103
6512
8325
5556
155
2641
9199
5919
7872
1424
5180
8010
7736
8614
5572
7257
2632
2473
9422
3677
3930
3243
695
4554
4455
1508
4115
162
5909
7996
6632
67
2773
1154
5789
6666
9212
7904
8702
7388
4142
1134
2518
6118
9081
8441
3423
8043
4430
3820
5575
523
3699
9549
1960
5705
6756
2503
6349
5962
7854
8215
1763
1164
8387
2461
7507
721
6282
2587
4385
1470
6546
1866
3261
2298
3351
6062
1771
3191
5251
5908
8665
4506
3182
1886
6002
1102
8745
4267
3606
2408
9460
5359
6665
4092
8969
4463
3321
5374
7848
9319
3557
6640
3973
1896
782
9616
463
4267
7015
1336
3952
7780
856
6285
818
3050
2580
8988
6008
2014
5692
8536
59
6655
3638
604
8736
2155
7059
8270
8625
5317
9464
6389
9189
630
5918
6134
9336
3416
230
2705
4422
8515
5595
4278
5632
6876
2561
4828
6240
8065
4753
9610
4248
7601
4921
9277
419
2293
8200
7263
9693
9339
1018
6071
4607
604
4101
6571
1310
6510
3891
7631
2175
477
9392
8114
8697
5643
752
6995
8584
9511
2688
333
6838
5816
6168
8812
6751
63
8702
5569
4424
1464
7459
9105
673
7671
9740
3897
6588
1203
8791
9429
1909
7190
6690
4401
17
4030
8079
3797
1603
5921
6805
1473
4950
7870
6302
4300
3635
2134
7990
107
4277
7162
2124
5015
8538
9579
4170
4831
7042
4239
6637
5259
4885
4366
9234
8708
5116
7125
1358
8137
6072
3172
2630
1516
7389
5058
4709
5180
5909
5639
7699
358
4876
3912
5468
6481
5036
5995
5818
8107
3429
3924
4231
1169
1606
3467
4258
4216
6295
3053
3036
8508
8693
5118
4475
3280
4053
8165
3470
3168
8082
8660
622
956
9190
151
4073
2566
143
7659
8648
8233
6566
8267
1185
5100
1199
2636
3445
5898
7635
1562
2230
5040
4563
5075
8450
2656
3456
5565
3352
1472
9818
9412
6512
5638
6824
3792
276
2782
5174
527
5097
7660
5047
6722
6818
2680
7350
3793
6560
9151
9637
6737
9415
3274
836
2005
6173
3164
6325
9459
4603
8994
885
7834
8266
4553
2971
3051
4192
6826
9052
9372
4147
8087
9003
7413
1331
9475
3327
1555
637
3933
502
5108
1815
7244
9213
2131
2721
5923
3698
1486
9516
5739
7997
4880
2228
9837
4515
8573
3511
8153
8771
2003
9496
2339
6933
1733
3469
43
9896
8361
7382
2157
6320
9055
8070
1389
7827
2062
4364
646
7321
7020
3638
2821
8170
6453
4014
8330
233
2448
2242
4568
1307
1694
1734
177
7310
9595
4653
7559
1582
4847
6845
6154
6259
2566
5365
4496
4292
7178
8759
565
9342
2518
4794
4585
1972
906
1195
3906
8641
9751
2164
6491
7417
1944
7781
376
4737
6724
288
5662
4115
6022
1183
918
8872
3227
7327
2728
5098
3908
1106
935
9799
9446
8070
1189
3090
9914
2025
6366
9596
1077
1683
3739
3924
962
8203
9769
7215
9475
9873
7387
7221
64
6666
8495
9875
6396
8860
1817
178
654
6590
4821
2152
5742
3028
5727
2828
5072
7119
3509
2133
6312
5145
6791
2287
7432
7814
5350
4478
1418
8925
6891
1301
955
4557
5631
3076
7778
3484
4613
951
1522
8138
9300
8789
1225
4697
2543
3143
4925
7027
8163
4861
4980
2607
9890
69
2660
9239
4549
5918
4171
5858
3591
8139
2514
132
3286
5206
8427
8998
8669
8590
4843
8860
2670
8195
1867
4154
5264
7001
2663
9368
3568
9949
1798
7659
5901
6311
1372
3977
6868
3357
1836
9294
159
7056
5482
9099
8290
3352
7254
8162
8359
4798
9252
3441
8367
5636
5175
8835
3263
4042
1541
1053
3746
7451
2382
639
1878
9619
7092
9791
7647
5205
5078
3074
8281
8129
810
8389
4884
6419
4692
2029
2553
4367
6366
1143
1714
718
4750
9405
259
4635
431
6486
9748
2216
6598
6886
152
7933
4044
3485
9911
8654
3459
7645
3941
9151
1440
9308
3852
8797
8304
49
6143
6194
4181
1572
1458
2907
9298
2462
9064
1018
2488
7696
5596
5983
603
3897
799
2731
6281
4701
3913
3137
9855
5483
1077
1463
3212
8587
4865
1558
935
3754
219
7267
387
28
504
9828
4353
4351
5908
2550
3531
8480
3662
8059
6323
5520
2134
9574
5395
119
6219
1673
2522
6450
3496
4279
5511
9114
2414
8799
2283
2255
3426
3988
9232
9432
6149
7079
7335
6654
4990
3078
8721
5142
8487
175
5128
3519
4707
9077
660
9126
1214
8831
2909
5670
3624
2140
4553
4051
5412
6402
419
6667
8839
1526
1889
861
6102
3650
438
8523
6971
1915
3823
3674
9351
5936
142
1556
17
811
1868
9074
72
4207
46
189
734
6303
1573
9629
3892
6980
4067
299
4328
8593
8852
9939
8865
6770
4168
2095
4321
2542
4958
125
1530
9812
7283
341
8633
6189
2712
2495
8026
6894
2963
8623
801
5590
1073
8525
5316
3647
8465
8853
5768
4702
1030
5021
9393
2017
1469
5044
1180
6146
8765
1766
5134
7116
8752
1170
9917
2994
3396
7862
1292
2384
2959
3467
6557
7874
5241
4552
7746
8073
2080
1641
3749
4279
5312
2063
6494
5886
2603
2942
5376
3812
928
207
2873
1999
8967
8656
9965
5402
6510
887
4439
4918
4452
7637
5838
2912
1598
5555
549
5872
8072
96
5653
9157
5868
973
9726
3805
5128
3133
8967
8229
7378
5737
9106
7199
4000
8876
6204
8381
7173
2503
4406
50
670
6326
463
2814
3839
7484
8846
9672
1912
4655
9439
1787
6333
7840
9033
2780
5952
2178
3432
3574
6695
9298
8694
3654
5677
1036
8460
2905
3755
4784
1670
2432
1217
840
5864
7954
4281
7192
1954
7745
1440
576
4764
3849
9502
8676
2977
6407
4329
7752
3968
6911
2104
4141
2126
2508
4748
2190
5869
6966
3180
7878
6359
6476
1824
7664
4298
4482
5705
7238
8576
8587
7118
5246
8864
4187
645
6936
3377
3554
6355
2493
1054
236
2426
1531
5376
3746
6680
1562
5826
9362
6839
7391
5033
9436
4583
7043
4722
6484
364
5079
9968
3989
7222
4319
9126
3029
1815
2912
8711
2090
7927
3151
2509
1908
4960
7654
3538
7454
800
7666
8997
8165
5687
1424
3182
5373
5514
4907
4388
1911
5749
8474
8717
4519
8539
2623
2088
331
233
6274
9807
6885
1384
5823
5533
5008
2167
5087
5532
4993
162
6758
167
6578
6181
7693
6431
6242
4363
2037
9249
1835
2165
3126
2294
8950
9779
1692
9388
2141
1649
2107
3758
4053
2877
668
4919
2028
7137
2558
5277
3606
7826
3583
2816
9229
606
8995
8762
8643
8821
6207
6173
2054
1694
188
7187
8583
6440
2896
241
3521
3059
9871
9624
3618
7703
5637
6590
3479
3007
5162
8966
3551
866
9032
9563
9872
2046
7660
4257
6673
8509
6162
2743
1552
2025
8798
622
9428
9112
2301
8018
4159
7382
3734
6055
7877
6070
9661
3213
5271
7724
4005
7948
6548
3770
6126
232
8668
8382
6206
752
4434
7929
310
227
2923
3384
7639
9210
9691
6886
5921
3175
677
7995
9686
2139
2400
1984
8526
4957
7481
3664
5864
8966
7263
1254
4886
4209
2149
8755
86
3874
7778
9675
6186
6330
4463
5009
7370
2529
5380
7870
4155
3770
8751
5371
137
8531
209
9747
8465
4891
5237
5845
7788
253
2628
9102
4042
3116
6828
6736
2959
7701
8408
1007
3212
1932
1074
3930
838
3754
7089
308
9792
8230
7830
2156
5579
1721
7636
4012
9478
387
5245
4246
6483
2648
5229
4689
9949
895
5737
2104
3095
21
7885
8904
1037
9
3957
4745
7968
7528
6881
2562
3485
2920
6315
2787
9138
5703
4339
5722
4354
5188
261
1949
8668
702
7940
3499
8182
9526
7757
7766
5213
1182
81
2282
5909
8879
7024
1908
6630
7111
3881
5378
2025
6846
4233
832
7786
9810
1374
9099
5646
1773
9732
3225
7508
4257
2235
3145
1998
7661
4630
7455
6455
9854
3208
9820
6854
5502
6830
9013
2121
2535
763
4467
6686
6325
3269
2225
4490
4383
8097
4364
707
4329
1378
8864
2385
1795
3746
4195
976
9560
8078
4091
5239
4989
983
3691
4138
6252
1201
1105
484
1648
7614
7285
6312
723
1071
229
6312
3714
500
1178
6798
2382
2730
6603
7800
9241
9260
7235
6521
9133
9682
1812
8027
7998
1827
3727
1979
392
7389
6098
1911
9424
830
9773
976
1948
9440
2044
8546
2026
3218
7583
2165
214
6923
5708
3208
4690
4677
2824
3460
6951
4957
3164
5277
529
7982
3128
515
9152
1811
232
4173
732
3027
305
9656
4844
3997
4769
3261
4254
480
4778
7053
9029
2193
7013
7220
9785
9673
8362
8763
7558
4643
9739
3308
3134
9583
7317
5214
1694
8394
2922
5432
4486
3867
7211
9610
9762
6136
780
7725
8143
9709
5912
6394
5460
6312
8375
2052
287
5913
4612
9966
1572
800
4726
1475
6497
2193
9740
8727
931
3123
2198
8701
1
1053
8700
710
1152
6112
1058
8203
1413
3176
7372
2796
3858
1275
7417
7625
5913
2970
3873
5907
5145
5502
1986
1131
8945
9942
791
415
3620
4643
5051
7215
7425
5286
7024
6176
8196
4371
102
4497
1168
8122
3733
5263
7567
8425
7942
431
4167
9040
9031
4653
9337
1562
798
2721
5418
4034
3535
9660
4629
437
5609
8111
5536
8805
2799
8797
3608
1458
6474
8335
9308
1895
5841
3634
3589
954
2361
9771
5069
6803
8048
8792
4535
1495
8679
1357
7732
4259
615
3483
5186
6656
5780
1413
6945
2067
4556
2027
1789
7498
5275
9451
1349
8348
9002
5271
5481
1730
3330
9458
7046
2607
1094
8425
3774
667
1815
4099
5536
1353
1020
5008
5395
107
417
1028
611
233
9640
4417
3568
3370
310
5786
7291
6043
9829
6659
132
7842
3330
5761
3110
6325
427
1149
6139
7989
7919
2454
9166
8296
3585
476
2487
616
2666
2236
7741
1168
4462
8199
3760
1362
1587
2020
7023
9022
8174
7008
1638
1072
8217
2893
2735
8874
4630
85
912
4198
8884
9845
1370
3291
207
4202
7039
1892
7136
3897
6172
1206
2169
660
2202
7881
9896
23
2608
3175
3288
1887
5687
7401
3590
7526
2237
5917
7448
7463
255
1898
2234
3855
5325
7932
8058
5766
2267
4010
1305
3008
8960
243
2512
6175
247
3986
6204
8115
6911
9964
3295
6291
3585
5592
6088
3603
6611
8307
5670
2820
6212
8287
1948
9667
503
7347
9007
6403
168
9377
6829
2512
7986
1157
2725
99
833
2138
4435
1480
6152
8804
5893
2550
8096
5049
4695
4731
4962
5146
4442
4176
8916
660
509
809
5979
7247
6246
1744
1090
8966
7243
2761
165
8301
2980
9607
7170
2535
465
722
9072
597
6777
8656
1500
3108
135
4354
7984
3967
8564
6553
2610
4919
6005
8550
9903
2575
2393
6927
5591
5354
4281
4056
2118
9813
6082
7104
8194
4833
7065
7939
709
3096
7018
6961
777
1424
7628
9474
9298
2800
6946
1979
7109
1222
579
4204
5443
7909
9397
5848
5113
182
8095
8200
6535
8184
1458
3610
3629
272
2886
3323
833
5896
7052
920
2522
300
4644
2548
1732
227
7112
9575
8266
4390
1093
1270
1933
8601
2228
9598
3796
6676
6988
525
1888
3650
2995
4600
5791
7518
7004
7295
7475
2753
4224
9873
7811
4529
1681
7019
7738
4326
5122
7258
7779
6578
6495
5107
6534
8798
7740
8344
7436
3599
9030
5805
8138
591
1740
3242
5102
7433
7409
5479
3872
3098
9014
4955
9388
6168
4395
6288
597
9205
5284
7566
4777
3258
5260
4521
9289
6285
4331
6616
7547
3058
9897
2757
1132
1545
4644
9967
1316
292
1893
1556
6820
7616
6660
1982
4174
5224
755
4743
8582
6430
55
1968
8410
2666
3325
2870
8651
9333
9225
5088
6609
7176
6098
2971
3957
7067
4039
3586
4801
6516
109
3902
4668
4690
894
7211
3458
670
8100
5318
4786
7599
5422
8826
3542
5069
7143
1739
9685
2121
2651
2787
9057
8028
8286
764
3040
6566
7492
8424
6456
2738
8922
2849
5738
4439
7879
4428
8199
8141
5195
828
9730
6671
9831
8515
2710
6220
8586
2518
1731
3875
2131
1016
2009
3222
4093
8581
2873
282
7935
9401
7676
6661
7162
9243
4136
2235
9271
1086
8545
9813
1255
4254
6342
7707
14
917
3301
912
5759
6700
4635
7389
5588
6215
8132
5484
7900
6837
5441
9720
2361
2759
4245
7502
7997
4942
2152
4968
3698
4795
2817
1513
9518
8516
7502
2601
1555
7323
5957
1565
8054
7500
8295
3790
2508
1474
4033
13
2308
5797
3604
7108
1624
2467
971
5440
5584
25
7308
818
8593
5670
5710
3392
650
8302
4916
7262
1619
6318
69
5433
8809
5971
6002
2739
8582
5220
1110
4748
4474
7663
1430
7359
4778
7804
8357
3176
6013
1128
1323
2891
2954
1350
4159
7535
5957
25
3768
4482
6685
9503
3194
6731
6970
9810
8860
6317
527
3074
6951
1435
7127
4748
6572
2857
304
1803
6714
3878
6297
7934
8529
2600
4173
2844
3086
5415
3790
3818
7062
6944
4079
6517
8221
1730
8315
7227
3324
7280
3172
2257
4799
520
5869
3278
1996
3384
6521
5284
9458
4664
2582
1706
5240
2880
2329
5099
1780
7035
1617
5819
1078
4948
9129
2722
5600
8932
4673
564
3674
6309
9491
143
1461
7382
8976
7175
2258
4680
8125
8795
9728
1312
7799
9805
1482
2595
3213
760
723
2180
6923
9816
7776
1885
7622
5876
4228
7457
9913
627
8995
6756
6420
4156
5551
4410
8125
5338
3432
7785
5385
7399
4777
7033
2998
5612
801
1077
9356
8467
1398
4583
7720
4471
4429
9071
9456
1534
7995
8068
8369
5836
2466
976
7719
2455
2949
765
9699
4122
1697
8720
9744
5654
9514
5610
6966
1428
6706
3450
3232
5890
6769
1020
4468
6799
5360
3557
3491
9510
354
1112
7664
7242
1972
8400
7210
1651
3646
1995
8978
9972
7186
8346
9080
866
3303
9061
6209
6570
4690
3878
5502
9790
666
274
5449
8857
8769
6219
8800
9267
1004
2085
9005
2409
217
4571
2387
3141
835
9165
1457
5182
6927
5302
2433
411
7988
7091
1124
2024
9509
6784
7861
1719
8145
2136
635
3918
350
2120
4542
978
3664
1370
9328
7733
3883
9086
2119
4126
8134
3569
8741
9502
5238
1320
9250
4557
282
7320
661
5621
5027
9662
6558
979
755
4047
1917
168
6066
7692
9043
6213
6086
8827
312
3
7063
6877
4604
9780
1371
7724
9877
7526
1385
1389
5640
6055
5737
5819
3700
2247
4988
1909
650
3318
8989
2525
205
1433
4068
2471
3662
3457
6984
4862
8508
2507
3402
6567
3257
9030
9677
981
4200
7193
2231
8423
4421
433
848
9
992
2976
1543
9468
3467
2411
1176
8287
217
8355
5368
4421
370
9023
9346
2159
8936
2291
5536
6984
6122
1435
8268
4214
5669
3905
6552
6995
7751
4837
7591
3040
7930
5514
2159
7382
6066
2855
7560
7115
971
2984
1508
1640
7379
8672
9529
3350
2396
857
4494
562
4328
5356
9951
6455
702
9529
1262
6516
797
8521
6170
5781
7632
9161
2233
3433
8369
4188
5769
7427
2980
373
2421
3834
7643
3438
6182
9632
1515
9136
6743
6768
6075
3996
774
9353
2607
6502
7291
6190
3725
7230
3038
9918
5081
9331
8627
4675
6940
8913
7042
5632
5908
3773
9126
592
6880
2836
8762
5398
1246
7131
5460
4545
544
77
7195
7670
7407
6897
5366
2164
7493
4190
9601
7980
2698
3125
73
312
7643
7039
8249
2132
2730
7849
5522
7314
4134
8919
8062
7456
4706
4107
861
7182
8708
5392
8621
7706
3924
4660
4831
9428
4819
3553
8218
9367
7471
8042
3142
5028
6394
8326
5295
2376
7060
4761
2270
3550
966
633
436
3163
5938
307
951
1301
8262
2938
4554
2128
6819
6989
8611
7425
6711
1662
8941
6509
4602
4183
5294
3046
6219
8830
9356
8724
641
7747
955
8125
7839
8153
9495
391
2631
3721
5632
1944
8119
1510
4083
5382
7632
8524
3390
3442
1465
4290
7046
256
6661
4395
7397
7839
9568
7614
2737
2449
8371
8258
7893
6781
6670
2068
1795
5536
5580
7493
681
3290
8015
7535
8820
7428
3470
1803
2474
9873
3923
1649
7258
8239
6446
9868
3155
6843
2518
8000
8523
1854
1028
3120
7396
8008
4803
89
1843
4147
8036
8591
2883
4730
3387
5700
2856
4391
7897
8111
1990
5492
7547
2036
785
1678
2468
7738
5645
3430
1593
9926
9344
4091
7746
4935
8673
479
5072
1889
3932
7082
488
9839
7374
1420
8270
7821
8289
9672
4654
5081
3028
5307
2275
1170
5808
8695
1890
4563
4165
7121
6401
9531
9156
4591
6917
8853
1493
5922
4882
4804
1348
2502
9026
1361
5836
1401
8700
1995
5855
200
4406
69
806
8923
8789
6575
6586
8089
1981
2982
1146
6282
373
7716
4462
9109
7051
2398
5492
2911
8420
4393
3091
60
8445
917
9935
1853
3290
1893
4176
3162
8282
3062
4600
5563
8123
1510
6983
782
345
9505
9078
3394
4525
5170
6621
3546
6786
8784
4379
9888
5664
9619
9391
6181
279
4401
7145
2031
1657
1688
9392
6386
1316
2038
3629
7274
5774
4675
7618
6263
9884
2326
1871
1305
3691
3101
6077
7816
2984
7836
781
672
7408
105
4312
793
7293
3491
2989
7810
9967
4571
1835
173
127
6048
8479
4461
890
1692
1759
9492
4325
2756
6302
2806
6710
5225
8503
9452
4089
3709
4473
9206
9782
9606
8682
1423
9791
6356
2997
9365
6195
3637
7475
8527
9491
422
4178
4537
7408
7845
4294
5299
2773
2123
6827
9864
4078
2443
1294
2461
5727
5110
7736
7549
8171
2554
7104
639
4194
4335
9734
8900
8086
2028
3004
5294
5493
3474
4738
9010
5725
2460
1763
243
5849
2673
6655
6889
1525
2228
7484
2305
6757
8570
1315
6044
7424
1987
6479
2226
8229
8615
2238
5159
6911
3474
4194
4166
7010
2476
4428
4038
1640
7272
6577
5077
6136
8655
2639
6328
5421
582
6317
3127
1837
7891
4390
6566
1669
7639
7250
3183
7956
7693
4575
2455
815
4901
8315
4843
3036
6707
9920
9171
1607
4555
6113
4283
7141
5115
8078
6919
2914
7320
9093
9922
9396
9931
5142
8989
2239
8630
7147
1148
5088
6447
4067
2887
8782
9719
2826
2435
5923
3623
480
8136
3729
2256
8081
3460
1981
1134
80
9183
9747
2477
5361
5199
3508
1970
4371
3229
3633
6606
996
1534
2963
1499
1303
115
8982
34
4351
417
781
6914
6129
471
8494
3294
5841
1512
3367
3904
1707
8405
6486
7176
6623
3692
2186
705
4620
7380
929
3943
2794
2649
816
4110
391
4306
5887
4223
7022
5838
9274
2195
9644
2115
6565
8861
4932
300
3559
7262
1165
705
9525
5991
1284
6614
3925
8068
5204
4454
1979
9756
4178
2841
6465
3435
646
1574
5882
9944
5855
4743
4560
5541
387
9008
920
9231
2733
7764
7159
8390
5524
4091
8547
492
3934
6879
7512
8790
247
1338
7435
133
7668
5876
4516
872
6102
7115
6742
4074
9590
4517
364
5332
1204
3987
2279
5683
9949
4665
9705
3449
4401
581
9748
2695
1501
4955
7640
6328
1781
9261
9074
1094
2223
4714
4603
9656
2653
9794
5574
9325
6666
6589
3451
967
4359
3368
2231
1732
1216
6408
1159
5045
8270
5920
6020
8596
6942
3628
6082
1278
6094
7682
8448
5063
32
6907
1057
8579
1722
7032
6434
2263
5890
2088
7417
6681
5790
3202
6781
9186
4497
4526
9281
7759
4005
1205
7522
8541
9415
4419
860
1610
901
1147
523
4103
2343
9710
3344
4446
7439
2689
4222
6953
3105
3542
5182
2767
3347
3110
9180
6936
6753
6118
2906
418
856
7845
1549
5345
7149
5290
970
3614
1318
2730
3211
9829
4879
4552
5061
2180
892
6501
6155
9365
620
9265
986
9688
9325
5296
2919
2726
6992
9182
4813
4336
4437
9214
298
3784
8966
6350
6527
7252
1025
1936
7781
4909
8146
868
5543
1884
5187
6858
1558
2910
4618
7961
6950
9269
353
8378
9742
6354
6242
9714
1702
8577
7188
9811
587
7453
579
2691
8497
4065
5801
159
8991
5524
6546
5358
1052
2119
3673
5026
8517
5238
5682
7552
4058
9164
3228
9862
6542
9554
9612
1008
1346
4103
8961
7705
767
2468
6836
5750
6639
2209
8542
8852
1257
1385
2449
4523
4770
9053
24
4224
107
3640
931
2449
8057
7226
4266
3777
1680
3469
7628
6205
1509
1381
909
6104
449
4703
6757
2866
1044
509
5784
5003
8753
7551
7005
5209
1843
485
8678
1538
2872
4280
6520
1520
2104
8568
9237
6004
5399
3687
2277
6006
71
8875
1776
333
7590
6852
6650
7505
7664
2153
811
3511
2374
3176
5162
6250
4715
6867
2858
2262
8940
8822
2053
2180
2781
4274
3448
7236
8079
5551
8583
8092
9394
7287
1444
3209
6321
1996
8585
4798
1507
8260
6589
5141
1148
8080
2858
2534
2511
2059
5938
3470
638
2722
1203
7077
8048
3506
3522
4871
3068
3609
8596
563
5617
5621
2047
4800
3720
221
5367
8394
6896
3232
9958
4240
1210
3379
5637
4701
562
2997
5794
6507
432
5979
1744
58
6733
1000
3934
4971
2507
2678
1801
9078
5589
9101
194
9879
8263
131
1480
7
9775
8830
2943
97
7681
663
9282
1498
5366
4257
2874
5599
6323
6247
1542
174
1530
1140
8893
7789
231
787
7032
7741
1632
5839
2125
9120
4294
2632
7985
5343
6529
4127
7683
4402
7311
2299
9563
3093
3681
5170
9086
9262
5289
8916
1431
5133
3316
2771
3889
3950
752
6334
2567
2384
2377
9066
822
7176
5277
4366
6959
8120
9949
8358
8575
952
3120
3676
3856
4957
3942
180
1642
4939
6047
1721
2995
881
1149
6389
8048
2066
7889
1366
8072
3025
8896
5596
5061
4738
347
5658
7963
3134
2387
8128
2315
6940
2940
2270
296
4630
6381
6018
6679
799
1121
4443
2431
8089
3978
3916
880
1276
6200
153
6815
4641
1287
3822
8350
4606
484
4941
8922
4217
8885
1351
1498
9410
1321
3726
4981
8156
2652
934
5922
8655
990
1679
6208
7917
2189
9931
8390
4368
2043
9634
1401
7383
6150
7110
6725
7029
4551
6790
6976
9418
91
2214
1657
3463
9581
6414
4480
6216
6697
7451
4747
139
6130
5032
8509
3055
615
3577
8438
5868
9115
5723
3021
3042
8458
5274
9251
4960
9258
2428
6536
8991
8316
603
7077
5908
2556
8648
1297
239
4682
6535
788
8126
3355
8188
3270
9401
503
6962
5138
1598
2331
5571
2978
3903
1376
8913
8820
2209
7497
8297
6213
5597
7096
5277
9307
6010
3545
9326
3875
8746
5317
1729
6537
8792
1239
1108
3217
3257
8846
459
5914
3083
4617
6581
1188
7634
425
946
3419
3854
9372
5769
5707
2849
7312
9040
741
5846
6811
7439
882
6856
4832
653
3655
406
303
3811
7510
7908
1511
357
1261
2321
1001
3554
4718
4554
1201
4668
4373
2805
9764
7382
9799
8805
6937
2768
2885
7408
3418
6754
7874
4523
1319
7830
4386
5144
9932
3202
7380
8762
4883
8667
4771
2511
8338
4919
9323
7576
4399
8583
1141
630
254
2968
3504
6830
1222
2361
1030
7542
4131
532
591
2218
1859
3492
6026
5643
2443
4923
9660
8936
5612
4479
7152
193
4145
963
7755
3658
3737
8533
3231
1574
3675
355
8229
7062
9441
381
6863
1583
4427
2575
1883
393
9955
4463
7652
4690
8878
1469
6034
6169
4597
2629
9925
6769
1447
990
8150
7510
1415
215
1741
6235
4091
864
8056
8472
2334
4250
2700
7738
9684
1020
226
5519
1436
2191
8513
9472
7294
1264
6348
3649
1987
5857
9730
6501
3376
8901
9954
8553
4046
1395
3755
3694
6821
1979
1250
1972
5630
3721
6572
1207
8531
6076
4687
2261
2127
6016
4967
4849
5915
7376
2334
9330
441
3999
2398
2188
8647
6247
4086
3420
6679
6998
3750
4753
5750
8305
2989
3952
7572
5840
3084
3746
7229
1132
3114
7353
6944
1645
360
3552
7514
5231
5324
7068
7784
9135
4828
209
9928
9731
2712
6604
3128
7544
4995
173
7330
1157
3358
5529
9255
6578
23
8544
2217
7774
3977
3384
0
7709
6824
2664
2022
7398
2031
9379
463
7306
7739
5864
9523
7220
649
1058
502
6027
9728
5049
83
715
5448
7285
5586
9077
7886
1347
2487
3785
6049
3099
3824
8846
3841
4146
8990
7698
8226
9905
5867
3391
9228
757
4539
9106
7969
5604
5786
4655
9417
3152
2118
8848
9532
1351
2288
8534
7772
2899
5463
6187
3143
5428
3799
2248
6111
6356
5834
8619
8075
7805
4981
2811
6185
5630
9090
4891
7829
476
1666
4752
2955
3702
856
2339
2876
8823
3591
9442
7339
5906
2220
2589
1242
1534
9520
5761
4059
3552
8806
8910
7310
2643
2304
6288
8697
2923
6622
5097
141
9495
113
6258
2638
2176
9720
2239
768
5028
5116
3444
4433
5270
8010
1836
3414
5339
9846
8011
6405
5065
1347
4672
296
2402
959
679
134
7718
6826
8389
4524
1576
7605
7553
5099
2567
6040
3185
1904
6355
6499
5628
2887
4130
1803
9841
8380
16
6492
8230
3957
2422
6855
2785
9278
7306
7783
5465
4561
2447
5826
8322
127
8485
405
2391
3628
1688
7804
4899
2240
8165
3137
7386
5722
691
8722
4401
5613
6946
5445
2266
5193
8025
5740
2894
5386
580
5054
5273
7086
6035
6813
2847
5647
1678
5023
889
8440
6282
1362
7679
2908
1641
6510
3404
4959
529
6477
5457
1382
4763
6877
8645
3324
4998
4866
2860
9372
9022
9299
658
6833
5367
9799
4891
8498
2512
9818
6505
6885
9109
6638
1051
5045
5033
4573
3459
7146
2273
6767
5194
7073
5359
8156
1210
6547
198
1161
155
2272
1421
4964
5576
1478
6713
1602
6055
2017
6746
4058
4563
8385
7844
5662
6886
2168
2908
4778
2505
474
5638
547
3609
5308
3942
4828
3034
2558
6548
4500
9681
2449
213
7283
1482
3450
9649
8548
5740
869
7701
26
4780
1194
5304
2427
7223
7696
4152
1050
7539
4766
6308
7902
5420
1830
1930
8515
3922
1936
5797
281
8185
2111
5900
2002
9444
7433
2820
855
5529
4240
8472
762
6251
5342
6900
8085
7303
1430
3337
9812
4613
5371
2073
108
8024
271
1170
6613
7021
2665
9795
7636
1007
2708
7950
112
1079
2567
4801
3815
7248
9566
696
7571
1792
309
1376
2399
5726
6325
1840
6863
7353
2767
5434
3913
6602
3171
599
7023
4881
2826
5269
9578
8812
4283
4370
5107
9642
2309
9765
4478
4887
4476
3854
9435
5593
8152
7985
7223
8985
3039
2537
7245
1849
5008
3679
3798
7812
8635
6560
4613
3132
161
9259
2392
7818
1785
3669
3486
4194
9326
642
964
4645
4513
9606
6101
6960
2159
2228
615
8780
5233
150
7935
7279
8443
9638
1744
5294
9929
8719
6124
7214
8902
7956
9003
756
5564
1934
1548
5699
7212
6451
8559
4403
1876
6207
9476
3797
8787
82
9092
399
3397
8093
5915
1427
1187
3582
5030
4222
6760
3313
351
2826
1597
8683
1423
7862
8355
8417
7269
6961
7638
2623
4302
4715
2294
3831
8071
4466
8748
3210
3362
7874
2003
8766
5977
4491
8364
5459
7827
4476
463
4872
1701
9213
6669
17
3896
2066
1358
2937
1042
6486
7595
784
1706
9046
5651
7903
7656
3164
9347
6979
5967
9268
7990
9099
2531
3902
9139
1897
4427
9864
5535
6644
2014
6566
8819
2682
1282
7208
7081
6735
5553
3816
5579
5033
4899
7985
4346
5497
9795
7855
8336
3984
9761
9506
8695
4538
3315
4940
3693
9507
8635
213
4892
6238
8330
5944
7023
8401
2027
956
571
9616
7095
821
5243
8758
2212
3693
77
2665
3527
1897
7759
4807
6569
3815
8832
3686
3119
125
8265
9457
5610
3690
3003
1066
1014
3389
6167
5593
2409
3717
7066
1470
4172
7525
7031
5309
5156
2485
450
5957
8846
8141
800
8100
2263
97
8479
1681
3064
4391
7554
2213
8286
9549
1493
1021
8967
8160
1895
6086
2246
3739
1164
7718
3948
2091
2842
8573
8362
1496
4355
5268
2424
6142
1634
3455
1179
7757
5619
3542
306
4631
3035
2190
3749
3604
4435
8772
8858
6855
9686
1149
4661
9096
1862
7972
4092
782
9372
7458
7248
5077
