7970
9346
793
9945
3704
9942
4916
229
5410
8393
3474
4001
5961
2848
8022
3057
9126
3641
4798
2677
8721
6801
7054
7570
3094
7613
1101
3822
3964
7462
3043
4065
3429
164
8997
2604
6727
9404
9776
8445
5535
3576
5987
9292
96
5145
6613
4852
9574
4705
2440
1008
994
1613
9455
6664
9049
2175
3892
6205
978
8820
3002
5939
608
8784
1539
5074
7342
4189
8759
2620
2505
6920
8061
3336
5379
3448
7611
9046
316
4294
9531
4808
4020
3990
3240
7048
3309
8484
6419
7153
9915
7330
416
7409
7542
9563
492
5818
9470
6989
2830
172
9737
7814
8041
1782
7252
5881
5082
5141
6499
876
5502
9101
1690
5042
584
7491
3075
3028
8932
8596
416
4358
922
2584
2546
219
7724
3431
1944
5974
2493
2287
2604
7516
3662
1156
6540
6464
4853
9541
1268
2951
4035
3250
2035
6344
6247
6037
1405
6593
28
2022
282
1857
9653
7668
4727
6345
7289
3554
327
3870
3667
653
2230
6798
7740
9557
4726
2106
8930
4131
1458
36
9169
8467
7335
3681
9637
8823
8259
2304
9051
5649
2586
8955
8396
8766
4713
738
2356
1950
4884
4332
5712
6986
2529
6586
7220
9261
2931
1069
5367
5827
9668
6564
9857
2605
5918
2724
9859
2434
9529
4240
6930
1493
8496
1253
4413
952
2515
5176
5154
1783
1120
711
1054
4303
7984
4626
6936
573
8406
3175
9008
3673
3376
4856
8095
2219
7495
7751
4809
51
4564
5459
7768
2898
8308
3936
2484
1483
9361
8671
3533
5098
9146
8589
2739
4562
995
7898
9425
3904
894
2129
8826
7039
7786
5566
4360
7981
9529
7772
1500
6637
400
3440
1543
7509
3763
950
1223
5115
3498
1116
8042
1716
9326
8994
4951
2605
8923
4638
1149
7887
6474
5292
8461
4837
180
6989
6713
1060
3445
5690
5146
9565
580
4225
6761
9186
4098
8922
8676
2820
4207
3011
1136
90
9043
5297
5411
2810
9234
8285
1153
1294
4518
9648
5445
4651
9586
6235
6244
2231
6423
2129
1836
9342
3350
5781
5241
7926
1154
1353
8890
7761
1078
2158
9580
4102
8574
970
4801
7348
4772
6774
9739
762
8090
8097
5851
2660
4687
6347
9856
4116
7819
9087
8750
4083
4996
956
456
4102
4522
5402
4593
6391
6338
9568
1312
6387
1563
3306
6004
7335
3767
203
9686
2150
2510
1302
6603
7394
6371
7719
3402
9970
6606
2896
8734
7894
6086
9934
4964
332
2477
2371
4743
6667
2500
1514
7088
1914
740
1770
3918
1575
5024
923
5427
3081
5928
9561
869
4489
7813
4316
3597
7635
7273
8577
8403
2886
6134
6712
8408
8577
7596
464
7298
6474
5546
7722
1088
7132
7548
2692
975
9401
7024
5398
8727
4536
5029
3097
2448
3502
8849
5171
7817
5787
2731
2121
2370
1418
9890
3973
9483
4356
2676
6933
6400
4234
8469
1040
8196
3433
6124
4102
2987
1046
5565
4189
5840
2055
5877
4175
9911
7831
9368
8587
2081
3001
7439
3015
5083
7705
2097
3865
7892
7268
6258
5319
7811
7533
4955
5325
8995
2342
4205
6117
3372
7241
7496
8433
1313
9704
9633
4028
5279
6435
9379
395
2676
822
6713
7256
3283
6505
3050
841
1512
9119
3940
5812
2163
1362
5147
2241
4930
6229
3878
6137
9491
6589
6540
1426
5542
4503
2804
4979
5019
1960
9094
8376
4489
1427
2236
4406
5669
7167
9109
5250
8453
6275
6382
4495
837
8400
4885
9582
3495
5511
2574
7902
5864
9319
7144
2984
7951
7467
3424
8276
3165
2236
1341
7581
3806
1136
636
212
4621
1966
2566
5771
747
6946
7524
7127
6667
3548
1445
573
8230
1009
5250
8806
3563
9791
7954
3024
3774
2066
4796
5224
1371
9942
26
8588
6712
9600
1678
8533
5626
7749
9193
2948
4101
9160
4690
3303
3696
3925
7079
8456
1129
2939
1434
6768
1327
1617
996
4808
686
8956
7704
6358
5956
97
2758
4111
6092
1668
4364
6533
7122
278
3119
9138
6708
5672
1149
2653
8462
8475
3504
3040
141
6029
7536
5199
6691
9286
3391
6523
8746
4339
1100
755
4966
5636
6758
56
8641
5550
6924
8989
5562
4024
9123
3063
992
3211
768
1244
4181
747
3114
3270
6578
2927
9656
5061
5666
6741
8935
8387
7775
1747
422
3293
5352
9819
2329
2420
316
7714
4377
9208
8281
4114
3092
8766
6769
1664
4983
1966
3332
6492
4978
1005
8752
1571
9639
7988
9129
8911
9480
9679
5496
6929
1161
5768
5167
3321
5424
6694
1649
4902
9885
2538
3927
7392
3173
1189
1641
3691
6868
5500
1640
4271
6136
1307
2919
6597
4599
1155
6308
4584
5309
6958
4053
9677
7261
1203
7269
3959
9218
3097
2229
1095
6162
256
5134
746
7601
8337
1025
1367
6285
8776
2258
4799
7346
702
813
3124
1261
5890
7751
7804
2786
8212
3989
8521
3747
6937
7527
2711
5587
1772
4856
6020
755
2314
7418
783
3178
8364
7612
53
608
8134
4517
7373
9445
3498
3085
7313
4630
3242
1897
7256
1357
4270
180
2545
2899
5415
7166
6364
2660
1897
9562
4452
3418
3037
865
6565
3341
3615
8215
3194
3994
5314
2266
7975
7712
726
6699
7256
6024
9189
6920
1714
8397
9844
2374
2655
2258
437
4207
1238
709
691
788
7853
1229
5585
9322
3433
6327
9210
8335
1164
6972
6287
4223
2539
7707
5333
7199
3730
7816
4404
9522
6935
2308
4661
4312
1597
5723
8991
129
8662
7939
1239
1868
5268
8249
3828
6150
1962
5113
203
1338
1966
9402
56
8744
6656
6220
530
7251
2344
5808
6508
1596
5320
7047
8789
6739
4189
4148
4419
7897
8650
2020
8888
1161
7804
7263
3809
137
9305
4340
2915
5680
8645
1146
8970
5161
7222
519
2651
233
3534
8940
2298
946
1582
747
9795
5323
8206
838
1920
7472
166
7284
551
7778
8669
3089
7643
8689
1943
7819
9580
7126
2863
6813
238
6330
1994
7931
4504
121
6129
6353
6930
5779
8107
8297
3580
1859
6552
8218
4367
6634
664
9311
8448
9314
4877
8135
6827
3123
5347
4131
5306
7886
1645
7135
1757
393
4858
8897
9671
9076
1450
3088
5520
8093
4194
3187
4878
2295
1355
904
4481
539
1487
7392
2530
3444
1441
9168
7097
8491
2501
3016
9037
5007
5249
5605
6753
6838
3761
5015
5229
8760
4529
6775
8512
7549
735
2831
2159
3972
1133
7338
1354
2523
3907
7657
3136
5877
5138
1959
6442
9249
5888
4060
5372
282
4877
5511
9181
7355
4489
384
1392
4956
6395
9121
718
7821
8484
7798
8873
4268
632
8688
510
5632
4655
3653
6183
4406
9662
9349
6085
6833
3767
6043
8900
8319
6464
9053
1807
9035
4647
3229
8506
3934
3804
1059
7596
5298
384
4882
2381
2361
4822
1387
2493
4247
2841
4576
6582
5046
4383
189
7697
566
9092
5238
2330
5098
9388
8004
913
8554
1735
692
856
9378
2373
4064
8444
225
9058
5604
3762
658
6161
6960
3554
6214
4847
1191
866
1651
6327
8508
6213
117
2231
8678
4039
9042
4144
322
3262
3018
2601
4955
6518
4280
2005
78
4396
4383
3416
9405
7898
5414
1042
5778
2139
6072
1892
9898
3975
6798
4778
3138
1044
7637
6297
4130
5946
454
7013
1200
6110
734
5875
4577
9511
8321
1918
7855
5003
3456
3598
701
6958
8930
781
5960
531
4599
6239
1617
5
6604
2169
7939
9831
6802
5685
3416
2215
650
6711
9546
8465
2246
6908
5961
2047
422
387
6417
3929
3963
5851
9502
2505
2711
485
2104
9121
6862
5204
2968
9473
9819
115
7020
8765
6248
9259
538
4285
8906
5288
7886
2055
3801
9107
126
9000
1963
5611
5240
7747
6256
5432
1716
5383
8249
9808
7427
7001
1473
141
3745
9473
3119
9025
6616
8899
3116
1184
9310
3640
7952
5189
2223
63
4474
7274
7347
2485
4663
9462
8484
6867
248
5448
8131
5699
6513
1115
6704
1437
8886
4116
9346
2592
3593
6531
4724
8612
2115
982
3802
3300
6294
938
6271
5507
7944
4949
4717
5358
9324
5503
4728
5214
9129
8829
5569
4288
7914
6802
1227
8123
989
9544
4895
5148
9742
3213
7038
223
1998
1145
9007
4583
1298
2513
1548
1348
1720
5859
9324
5976
8545
227
1909
2311
3903
5972
4927
2539
2819
5809
2301
8644
2228
1981
6840
5593
2190
3761
3745
9039
8372
6927
8139
8990
1507
5742
4305
9604
5529
50
7296
5208
1832
7146
8106
5175
4358
1107
7871
3530
6212
8930
5905
1964
2104
8234
5238
3453
1655
8179
3593
7199
9097
4485
7551
9790
5852
132
1001
6882
2657
7631
1444
1295
684
4930
2913
5954
8323
6038
8330
6394
3810
1203
4355
743
7374
8020
1328
3029
7361
9944
1176
2604
3575
1177
1166
6760
5171
4813
5636
5453
8813
4345
5768
6201
3957
3249
5610
2143
5569
2644
3245
9941
5447
8429
5665
4305
3311
1490
4823
4462
1102
3646
2932
6095
9136
2150
2944
8090
4493
9201
7227
1058
2355
4096
4462
7509
5475
145
7733
3771
2757
8346
7738
908
5180
4241
5340
41
9948
6619
3511
8565
1411
9790
1687
4768
9171
8436
3375
2603
5739
7834
7263
5826
2137
7938
4066
1173
535
2903
4862
5590
8219
6100
9075
6712
8079
9683
7989
4951
5789
5823
4301
1977
6205
5424
8373
715
1081
6590
1297
879
3607
4030
7509
8535
818
7888
4176
3759
6610
5605
3624
1776
1332
4685
8304
1730
5373
9370
9799
4514
3464
2881
2664
6340
7886
5054
2157
5510
7322
2577
8412
5703
7781
3322
7593
5336
9949
5811
8578
699
3405
6787
5374
1938
5991
5582
3211
4647
5136
259
3860
5942
5208
1915
709
1410
4998
6590
9821
5575
5950
2587
5184
1816
2961
2630
8478
5331
1395
5264
6781
5505
9303
6902
6592
3916
4921
5904
3845
1716
1561
8131
11
5953
348
8266
2557
1300
1831
5813
3705
2010
8159
551
5125
396
9872
3765
7513
9781
2965
314
7316
4151
1958
2235
7719
2113
4990
8932
2027
4895
4676
8940
9192
927
6510
9700
6250
7055
5078
4596
3451
975
4233
1785
3747
8259
9015
8162
1200
7378
6929
2041
6230
2349
991
5373
8377
6749
788
2908
8211
5037
7872
7610
3624
5766
2736
9520
697
1902
2159
2713
1278
4274
1706
7460
875
2934
3434
5261
7570
929
3013
3325
5549
2652
3729
9951
4160
5930
5766
1668
1679
4057
5464
406
336
4510
7874
1293
4464
7322
8691
404
7916
7791
3455
2885
6039
3445
3530
8964
9540
8970
9948
6727
2670
4045
516
7234
5453
6945
1257
7691
8140
7870
7617
2195
2143
6105
2633
6819
2792
6313
4599
245
424
5616
6713
9587
4210
267
1852
1301
258
3745
2797
7268
5756
1595
2089
1833
5722
739
8104
8304
8943
4219
9122
6501
3491
8783
1685
4083
2563
1448
6123
6708
7385
7656
2836
3514
7939
7746
6818
6599
3413
9334
5998
9192
6505
98
2470
4898
6460
9136
8851
261
9717
1247
4349
6765
3255
1985
1639
3594
9493
2487
4222
5424
4939
2145
930
8367
9861
9055
2427
3614
9808
7069
9902
623
7098
3503
3715
2834
7770
3462
198
2863
9818
2033
410
6545
4812
1070
52
6599
3981
2840
279
3671
64
2435
7646
9659
3866
6906
3763
4962
7107
6365
8875
43
6642
8511
3845
4019
424
9532
813
7043
4212
9372
694
7634
8515
8066
7592
2798
3532
7254
4208
6302
4092
2271
2422
8286
3837
9088
84
2800
3253
9416
9068
9364
8577
6168
881
4627
4550
8006
4881
4919
936
2357
1358
596
7633
8094
9577
7868
6874
3231
5316
7343
8495
9027
3128
7386
4241
5695
1500
1914
5834
1171
7852
4960
2674
1542
7700
8391
9839
305
9073
4620
7057
5030
379
8440
6206
6947
5692
4023
8288
1313
7046
1886
1253
2820
3458
1726
3026
9259
1168
4360
5021
4005
4615
470
7243
6660
2523
2476
3192
9325
7703
6380
580
8893
5456
5355
5966
9482
4613
4401
8946
1971
4058
1894
5964
8523
5041
6677
3676
9203
9209
6120
2449
7336
8475
2090
6753
6668
921
7977
7151
9581
4942
8666
506
7641
4087
8062
1721
2367
4725
4046
4423
3991
9032
5615
7577
4636
4588
1790
5182
7785
629
7091
6707
5298
5775
9794
518
5334
2212
7759
973
8553
8681
9245
4687
7031
460
8630
1698
1377
6256
3275
9118
9171
2274
9186
3475
9420
4787
963
5675
9793
3881
3844
2204
876
7537
1233
8450
6090
4693
6634
75
797
9006
4969
4530
1195
8148
7620
358
5304
8216
7497
7410
6993
519
91
969
4728
9457
9235
2080
8386
2852
9795
6604
3999
958
9092
1851
9227
845
6707
1347
7281
3092
975
206
5804
6483
3769
444
168
2604
740
1726
2113
847
8237
3176
1578
977
9840
6803
1174
3189
3085
424
7662
9658
4303
1114
2454
5193
6762
6113
2724
5878
5086
9085
9821
3163
6571
1591
146
4618
9449
6815
307
60
553
4931
8252
5733
310
8351
4760
9235
8080
7805
7759
9269
9098
9408
8112
786
1455
6684
4610
6551
2048
5954
1846
7515
3771
2822
1352
9179
3600
8661
4965
8698
3173
7548
3303
1493
5417
2776
6099
2511
3441
2646
6230
7980
8360
6649
1974
479
2405
1213
9918
7148
642
9417
6315
1001
4097
4972
9301
9888
2679
2504
3744
4706
3576
5577
6310
9546
9357
157
6861
7910
4203
8527
7450
2320
8725
8871
1761
7746
8057
1206
729
1932
5576
2934
9411
494
6447
41
35
6897
5671
7233
2418
515
1091
7316
4734
2391
7563
5006
4493
8226
5844
4740
115
8094
4131
9927
414
9484
6953
8006
87
2917
6046
5961
167
6931
5198
3524
2279
3867
4640
4013
1305
9395
744
1615
1775
1573
262
7483
5880
6404
1453
2405
2559
6284
4952
4909
2575
2839
3903
123
5674
6934
2260
9459
1302
1460
7243
106
1075
8824
9365
1345
2725
5424
7885
8072
4640
6513
979
4095
4987
9144
2370
6904
2284
9156
4907
5796
5248
5253
7118
2797
6119
8672
8514
2111
1309
5581
5131
5738
166
398
6031
2388
2186
997
4623
3520
7430
4085
2736
4312
3873
769
3710
3847
7440
3754
929
1840
1987
2286
81
8022
1239
8759
6737
2958
8555
425
7949
7445
5449
6979
7079
3076
6517
8018
7303
145
9314
3265
5912
8574
5809
5754
8034
253
2139
3005
942
5246
4656
2577
947
5896
2942
2083
3589
3608
8429
1279
5893
3732
3422
6050
5065
3144
9235
4523
1082
2357
5241
9158
1331
2292
1957
3908
8118
2012
9431
8351
9901
4446
8614
6990
4055
7543
6058
4983
217
6818
8965
4366
9424
4086
8661
7660
5492
2763
7198
4868
7481
8379
4
2120
9612
4647
8246
2897
8132
8864
5172
8590
9478
5461
3023
1579
448
5358
4381
3635
1185
3551
34
1409
7774
8421
6399
1472
1450
5743
4681
1332
5020
8235
9390
8490
6836
598
3242
831
8967
5263
7744
609
2345
3866
2365
6335
9796
2418
3961
5172
2612
2409
3503
4343
3291
3162
1679
9773
9879
7508
6644
144
4745
2739
2721
8202
4395
207
2627
3685
8425
8947
7732
7204
4917
3992
8764
4561
6741
8782
57
2663
7824
4523
9730
9349
7343
5217
9272
8539
2251
1098
8950
220
1605
1604
5414
8621
1821
2532
9102
6496
1403
3776
1227
3253
5220
1732
596
3707
2779
1878
2869
1609
5756
1600
4674
312
7026
6291
1308
1123
5293
3375
2364
1296
2557
3485
4895
3303
3360
7731
2670
9788
3924
1331
7003
4285
728
8608
5535
8441
2792
8126
8917
1028
686
2979
600
291
8699
9575
7048
4624
9354
6756
9290
2022
7520
4739
646
1659
6587
4918
7003
2065
3461
6106
3939
444
5462
1605
8148
4896
9826
9846
8079
371
6788
455
8104
9472
1221
7140
6731
6391
5692
8375
6029
1886
8399
3186
8498
5668
5188
2185
1116
8955
6897
1708
7538
2074
1165
9210
1781
2776
1168
3670
6688
8672
8318
3388
5926
8414
4606
3858
1149
2319
4037
2216
2579
196
7767
5021
4423
4194
934
3403
6716
7056
1134
5205
2152
8830
2953
9436
1120
9708
7452
4680
1548
3830
8973
5847
40
7502
8109
5334
5650
3664
2299
2011
3588
4188
7143
8350
4709
2739
5198
3000
5331
3193
2180
9839
2338
4226
3330
9375
2108
2584
1430
2096
527
8483
3455
9457
1962
7671
2064
9944
7343
7077
4253
2121
2042
8348
1660
133
8225
331
4399
8596
6150
8311
9223
7516
3920
8836
6283
1030
2864
8000
4013
2341
5580
9817
6331
9016
9225
561
2766
3632
8537
7073
5694
2649
7684
4600
4788
7789
4479
9515
6837
5507
7676
5306
9209
7644
3051
6555
1263
3424
371
3699
7756
6763
245
867
3316
5735
642
7922
9678
7829
4922
8832
7596
7687
9865
1130
4288
1996
7562
6427
6739
1781
5420
1043
9371
2950
9719
1465
5310
6345
1822
8240
1117
5025
5740
8143
5083
8073
9634
1796
3780
4889
3508
327
1175
2763
3384
3022
3265
5238
3242
2300
4807
2093
2220
9809
5663
7549
7477
8181
4897
3935
7173
9946
1192
8917
7865
4031
2822
303
1832
6568
3774
3486
6519
601
6103
7469
4728
9613
8623
7966
1054
3558
9770
4219
8422
6098
2264
1874
8418
2622
5431
1067
612
2683
8826
7646
9202
1586
1714
578
4789
8745
7763
5116
5844
970
142
6714
7229
7950
1013
3134
1377
1854
3732
2273
889
6877
7041
7880
4848
4936
7663
7735
9955
6387
5194
1811
9174
3153
706
587
2767
4886
7796
4656
35
5211
895
4267
8668
508
4561
8357
8931
1975
5452
7008
9786
2981
4285
9504
1583
4147
4547
5167
4062
2339
6751
4044
895
5804
4296
883
7449
4612
5840
8950
8186
4993
2135
3198
9204
9489
4380
6144
5478
3763
874
5837
6329
4999
3176
8297
3437
7221
1424
3939
6858
8108
3584
6968
3698
2130
2178
442
2423
8060
581
1315
3091
9462
590
3478
8153
4083
3353
3558
9817
7215
4217
9611
5860
1386
6078
3835
3268
9932
8494
5349
5485
8651
2844
6028
9966
1285
4609
4533
6646
1705
6388
6884
2461
6493
1256
3164
9096
5851
2691
3355
4713
7419
5625
5431
1821
9632
9689
6166
6905
225
5456
1936
8299
9211
2687
9119
3779
6776
4897
424
3461
7635
3777
822
1535
8722
7784
2955
5671
6289
7861
5185
1991
9655
2617
1867
3083
5783
2855
8285
8482
3123
3171
564
1052
8117
6635
9966
7532
5584
240
1450
4912
3317
9009
9533
6754
1622
6384
5999
9373
2788
921
4678
4549
1298
3430
2800
9106
7654
868
6516
5991
4425
5950
2746
8273
5074
1255
3054
8681
4345
1692
9145
8786
957
340
4329
2635
137
1000
7668
3058
1762
9591
757
6430
7113
5969
6230
7365
8044
288
3121
1114
9783
4489
6535
559
32
8511
6162
2445
2067
5963
1688
9542
5000
3906
7996
3907
4175
7640
4045
4576
2669
9599
1731
4932
6412
3405
1670
2356
717
8187
2350
5638
4395
4720
8609
4162
213
1945
5242
6960
9510
5452
9457
9258
2342
9732
8809
2635
7942
7068
5789
6706
3801
3190
3511
3846
263
7907
8310
4958
3973
9424
7205
1140
9121
8256
1254
2902
9371
6085
2808
7854
3709
5262
2325
6929
7075
8704
3584
9324
2972
9604
4354
7376
5642
7564
7911
5521
5648
3213
6394
3759
6539
7402
1254
1481
428
405
9558
8847
2654
7761
2996
2186
4248
612
2012
6782
9879
8089
7752
3955
1091
9348
9155
6132
9484
7225
4760
7186
328
8787
3839
2970
7200
9156
7156
7078
4954
4257
1349
7502
9232
1646
6830
4555
5470
5611
8134
7923
8469
57
4886
970
7752
8540
9788
9212
1695
7994
6361
1410
6857
4038
7833
5060
9744
8523
4927
269
9519
2144
5549
8167
6428
4345
9948
1757
5741
7191
9383
918
23
8538
1848
2215
5122
4314
2508
3696
5048
1319
7142
3368
9235
4540
8979
6445
8419
2551
2313
3196
5191
4855
2429
6312
7337
6444
682
1734
3943
4706
5192
269
6199
1534
3019
6822
5633
582
7496
5276
7701
4332
3023
7768
9047
2620
5437
9483
3951
2699
582
5262
6367
2294
4156
7989
3369
3086
9424
3516
5841
2953
1199
2493
1070
5386
3253
326
7658
7095
4269
9131
3527
4058
2650
2049
286
3100
2035
4016
4456
8590
4316
9630
1002
9350
2015
7531
9174
2981
4633
5040
4090
6110
131
48
6553
4976
1305
9352
2434
8784
2930
6154
3934
6667
7365
8658
8941
410
1431
7651
3037
6269
2673
2246
9964
6
5757
5667
1966
4362
7788
6398
1970
7229
7657
6934
3427
3124
7939
2525
6744
1729
3224
7654
8384
2055
9296
4268
6917
4938
6859
6654
3222
1062
9432
78
4846
1826
5968
1258
1370
1318
4349
1956
3032
4913
3111
9197
6262
70
2810
5078
1708
5101
3659
1645
1152
9224
22
306
9257
2557
5009
9467
3131
5321
9497
7469
2895
521
1739
843
2814
9261
4272
3913
7900
5129
6449
6337
3417
9043
9555
755
6556
9188
166
1842
440
2478
1631
6706
22
3079
3298
9265
922
4457
3960
7353
7514
9651
3239
2906
5057
926
6821
9319
3256
5380
6697
2631
4799
2586
8389
6464
1725
6779
8704
4222
8084
3099
8455
1332
7149
5647
7795
7359
7407
3933
8646
840
5084
435
8810
1261
3911
7365
4155
8357
5658
6101
1512
9328
5204
4249
5952
9741
5856
2857
7824
2367
9941
2090
5387
6898
3021
3505
4743
2341
1670
74
7105
8295
6736
739
4652
1884
5939
4345
1364
2841
4855
9203
9414
7134
5692
4575
1155
6631
550
5661
9053
2911
5526
9355
4096
5641
6599
3981
6778
3126
9746
3908
9129
5937
7554
1874
5861
3059
5719
528
1178
1918
930
4803
765
1668
622
1337
7523
5361
4909
3535
6336
3604
91
839
8098
9345
7249
2820
6032
3374
3118
9024
3015
8368
578
9804
227
6646
7668
4286
7757
8932
5439
3774
7187
1176
8181
7082
3070
1926
8325
1400
7686
6404
9362
1936
8655
3843
5804
9499
6034
7599
7790
2586
4278
3415
7711
364
2702
1068
6003
1977
1751
7253
6035
6229
3841
2147
3752
6306
7518
817
3733
3970
9155
7159
9545
4231
49
4957
3764
6258
8867
8429
1700
487
783
5884
1263
5948
737
2886
2782
7935
1417
8797
8831
2131
2571
7987
7587
7357
3109
4106
6375
3986
1122
4790
8949
1596
7427
1810
5342
6398
9586
9447
5094
9006
7241
8208
987
9286
7460
7229
2810
9155
5475
2437
6179
1902
9258
5137
7200
2526
9359
3803
8874
5067
1012
2929
916
1025
5353
1449
1514
2920
6888
2696
42
7529
4258
5288
7632
8801
2376
4708
1422
9170
3632
6173
8311
8385
2939
6820
9178
9846
1957
5761
6271
4735
7510
6292
2857
3505
8195
3772
6166
8612
3070
6988
8115
7741
6265
2410
9754
9207
1511
109
7778
7004
6161
2252
6627
3320
2546
9395
3219
8047
7754
106
1131
2701
3418
3023
4142
5373
6108
198
4225
1989
6316
8697
6397
4009
6645
4958
6058
5283
5355
20
9192
7874
4083
5053
2712
5667
682
7819
9203
6750
3430
7336
2527
4531
2428
4126
9878
5717
1519
1600
3919
7713
6360
3204
2429
5124
9112
6303
871
6576
1670
2857
9672
4486
7162
8579
1424
7296
2837
9291
1591
8103
2582
4432
3926
2847
2236
7641
5056
6751
5644
7141
8020
7176
1557
9906
6497
7313
8728
5691
3010
9319
8564
4404
3062
3399
7492
5240
1851
1245
7136
9319
8331
2920
3433
9631
8251
1877
1237
8283
3163
3844
7
7998
6238
3901
7565
5810
200
2126
3000
6115
5300
5949
756
4386
5214
8970
2049
2015
1726
7308
261
677
9692
6672
5679
9105
4728
6883
7101
6014
664
1870
927
4430
3691
2579
2854
8545
4988
3394
5865
994
66
788
6020
9407
1334
7345
5280
6088
4796
8663
957
578
8449
6763
941
4469
6139
830
571
1784
6510
4023
60
9288
6248
3072
2202
4758
6725
6339
8308
1298
8504
5786
6646
9445
8707
2699
3854
7653
8416
2422
7004
6830
1119
1840
2726
8404
6901
7947
2579
9750
724
6628
2680
8701
4438
1743
2553
3443
683
7648
792
6352
9828
1576
7407
3197
9823
4258
1978
143
7680
1310
8793
578
5591
3242
5140
1416
4819
1660
7308
6658
7613
2164
6841
3726
3071
6195
362
7735
4537
3734
7727
3000
2925
4949
153
7022
8618
5715
2445
2826
1318
536
1393
9889
6067
1712
7153
3441
2408
3264
4931
5334
8596
7306
1066
2493
7079
1181
179
7715
1689
806
4400
3106
1783
5614
7199
3544
441
6641
4683
3846
508
8263
5496
7075
9601
2524
5477
9821
6860
1441
9588
4408
1559
3047
1556
8840
6148
5609
5133
1450
3737
319
925
4474
243
790
9657
3117
5564
7917
5215
8010
6095
3482
2056
9046
2297
8154
9143
3123
9515
6807
669
3259
6999
6049
5296
3484
6230
4039
5274
363
2864
9964
8254
3706
4615
6573
4881
6875
7522
9148
526
404
1280
419
5256
994
8008
9299
1255
1080
3510
304
9264
2388
4661
6394
3810
5995
4305
4147
5436
3702
5936
935
9606
2521
501
4204
9634
8909
4811
7726
2867
5930
5469
8012
6865
1744
4644
3714
5192
6175
4023
5424
7199
239
8438
6127
7298
6556
8250
2920
8114
8603
3311
5353
2917
9176
2460
1038
5381
2814
1133
9016
1607
742
3952
2751
4986
3171
5377
3666
9040
4458
8741
9037
8074
6814
140
1889
5819
6693
4431
1423
8226
68
3173
6451
7455
5463
3019
1850
532
3274
1566
1810
7487
3819
400
402
4694
5898
6102
722
2486
567
6899
7275
4551
2181
9125
8459
4817
3333
2847
3392
9204
4727
6596
9368
2667
4140
9196
8123
2164
1228
9689
7130
3060
5784
602
6877
6445
5399
1933
438
2346
9404
6432
3131
2821
8751
5157
2243
124
7625
9446
6830
188
2533
1945
9089
9049
4268
6171
2703
745
6930
3631
4175
718
24
776
9634
3057
3169
1907
1217
5987
5491
734
1466
8881
8853
2159
1891
1022
4014
8326
788
6451
8424
5148
4819
701
7483
1759
3841
1438
480
6528
7289
9355
3305
6741
7939
9917
5818
6680
1022
5860
718
3526
2454
1345
9640
4468
3070
1066
2008
8603
2764
6496
1731
8894
4755
4228
3753
2817
3956
4011
904
7342
4665
3343
6571
1098
6721
4421
1445
5888
9200
2078
345
9209
9605
7392
974
8992
7634
2445
6141
9798
6923
3732
8707
250
3797
9180
4600
2793
8495
7869
6770
1652
5509
2296
4034
2541
6904
4077
4937
246
4595
1917
6442
9388
1943
2650
2649
8397
1993
1221
8809
2692
8808
623
897
98
8752
1936
1482
6310
2423
6809
5284
5228
5888
643
6728
7727
2000
234
8977
9399
628
4949
2906
3770
3626
2654
2044
7257
3730
2041
2702
2016
4305
8776
6944
8303
4584
283
3520
2781
4324
2510
7992
9004
7577
7317
9971
9004
2756
4772
1944
6886
406
9559
9466
565
7193
2336
4012
5980
6639
5087
2195
2806
4763
7930
1572
1926
1772
8170
7184
5762
5146
1161
6293
6986
9660
4244
6716
2564
8428
5866
3824
1366
5900
5339
9832
7688
8736
902
6794
6382
5940
8860
8791
4497
4568
146
2091
5415
2941
4061
7829
808
1652
1459
7449
5414
2775
863
3034
4313
547
8333
5429
6475
7199
982
103
449
9484
7411
9953
3822
8281
7860
3505
673
9286
4815
4223
7314
4511
6628
5047
8888
7644
5173
9728
2303
8500
6301
4529
6712
2946
3954
3949
6095
3664
6812
9835
6560
8157
1150
2177
1312
5715
4758
3501
5273
9234
3588
3534
7320
6254
3872
6810
5113
8299
3192
5746
5103
7722
3323
6786
3261
2373
5425
3479
6464
4749
2523
1700
3010
5828
1398
7507
5372
6078
6787
3392
4990
8606
4651
7096
3507
2902
6670
8989
7594
2935
9393
4744
660
9073
1451
6921
373
8979
8162
4723
8346
8345
8128
7994
2512
8080
6088
680
2075
5346
3315
5967
1155
2465
9107
9648
7550
742
7093
7774
5964
3055
7151
778
2303
2580
8090
7727
195
7877
9663
5976
412
6446
6463
4720
8987
8380
7463
6258
6439
6460
9068
4942
5286
4568
1536
8456
2172
5585
7026
5404
210
3219
1278
3600
6526
75
9889
5674
5978
1289
8385
6345
5247
7046
4338
7528
6534
9513
3656
5651
3686
9124
4415
9747
4614
2555
793
9926
377
9442
1201
1259
6582
9965
9626
4758
8971
2243
8051
2500
1971
523
3177
3057
3716
7192
4327
1436
7667
8299
2519
3908
7853
5046
1103
6740
804
6910
529
7633
4720
909
2677
2708
5168
720
1117
2601
4129
5964
8202
4150
8177
8588
8896
2795
5355
7594
6406
1290
59
8292
5256
1195
8585
928
6153
5514
7079
8830
6206
769
4846
8696
1917
3479
4347
4654
5733
9476
7607
968
7911
1216
184
87
1654
9902
9390
4405
7991
1030
5927
2227
9100
195
9810
9366
9536
3092
4483
596
6225
1126
1575
7369
9166
4467
9641
3797
8113
3412
6502
3689
2933
4228
1920
1175
133
9842
6487
2133
3954
7169
6742
3166
3420
9134
7686
8019
2897
6651
8620
4104
660
8247
4176
2849
4282
7494
4472
3705
2729
2669
56
5865
9745
6200
5837
767
9727
7416
5431
100
7026
434
8550
6072
2800
1355
3410
4884
2623
7595
1201
4964
8490
6538
3682
8113
3613
2342
5184
1603
4921
2712
2469
9500
8685
8432
936
3282
6369
8346
4223
2275
1420
6015
8472
7794
3493
7271
4480
568
211
3376
595
8211
9335
2967
2630
752
2712
7919
8469
1058
9186
6783
2373
6097
5413
7822
7210
9717
1924
6698
1045
9928
7105
2873
5674
6817
5557
8859
613
1725
4538
3253
1702
3943
211
9115
2653
5266
3045
1070
798
3212
8242
5805
1275
9286
9462
9468
9459
8606
4000
1740
6166
3161
3730
8626
9183
9644
9557
2016
251
2491
3274
2415
5802
1885
4392
514
873
8229
7877
6213
8782
7428
9255
4524
3963
5325
1272
724
1014
3091
7348
304
2831
8690
3097
1069
3539
3949
1460
5569
1762
3771
2669
5566
809
4111
5973
3531
2828
2967
8769
4536
5810
708
8969
676
777
2130
484
4398
5795
9811
4143
2058
5636
2201
6294
1193
2241
8964
7288
7717
5370
2263
3008
6170
2698
1087
9844
9201
2406
6116
5909
6399
5187
7791
5743
3260
6995
9302
501
4695
1511
9694
4202
4633
7970
5648
5898
5333
3110
1754
2186
6865
3257
4837
2692
3207
7953
8042
5096
8410
3510
3218
6274
6326
9837
7406
8870
9623
9630
39
9672
3746
8225
9627
5651
9955
1941
5732
3005
5938
4197
5195
682
7934
5311
7988
4580
5930
6367
1132
8700
3577
5176
3859
1685
5198
3067
8768
8725
950
5278
3066
8679
9237
3691
8355
7922
9832
171
76
7064
798
4188
9960
8895
6199
814
460
6558
2796
2601
3840
9937
6275
5492
8996
3818
2506
6462
5704
1229
2535
8407
4177
4740
8221
9512
5525
8551
7591
8046
7295
6633
7423
6828
1921
8457
4664
1143
1069
3676
2027
6128
1493
9457
4361
7639
6765
2994
3886
8775
6202
5422
4216
1465
4756
8769
6799
7958
1144
4277
1247
4055
7856
7002
2790
5730
310
521
4434
7203
8991
9745
9489
6015
384
1380
6171
1346
6983
120
7842
1931
3103
6472
3034
2837
6575
163
8632
8134
6948
1282
3536
4003
4725
792
7552
5846
4755
1749
7321
6852
7747
7084
2031
8158
6683
2093
8687
1329
6697
6754
2929
1364
4816
84
7865
8309
7925
6419
6850
8726
1885
2060
228
9515
1691
8031
3250
960
3269
5302
9251
7933
9194
6732
1741
1245
6088
8437
2556
7454
4995
9822
5658
6238
6000
4701
2995
1823
6437
8966
7283
8926
7329
5228
4958
680
6029
7866
1128
5738
8987
4990
8383
7356
6693
1035
8541
690
7333
3492
6406
8436
2546
8618
3897
382
5107
2364
6372
7337
3724
639
3675
8105
3544
8134
7523
1827
5872
5035
5248
2596
3469
8482
4933
2611
9796
5685
5851
691
1393
3416
9130
180
3127
1796
3595
8929
8081
7641
1069
5895
9287
5188
9472
2660
7866
1761
4494
8195
963
1877
2072
2917
1361
763
710
1457
7730
8609
1441
8270
5989
5603
6373
8601
1732
1478
1440
5238
6831
9484
5331
8841
5564
4631
2723
8460
2539
9385
2566
2612
2578
6059
3516
494
7963
5547
9416
3507
5266
8304
214
7119
7279
1162
881
9144
3387
4308
6925
8254
3468
4800
761
3622
1734
2488
6113
9313
8277
7870
4808
1662
4095
7478
3126
3718
1203
3095
9161
4148
6392
1087
5607
2047
8830
1251
1631
2378
7004
142
9445
8375
3085
2342
1189
1514
5962
1134
6801
9187
734
7658
949
8576
5268
9761
5198
4497
3564
1724
7775
3392
5704
6401
6450
52
6266
3169
583
9631
769
115
8243
6302
4480
6136
3894
8766
4522
1705
5232
7382
4793
6849
6332
1006
6651
2663
9624
4069
2355
458
6020
3922
3240
5223
4395
7361
1656
5059
9374
4878
1398
1682
1630
5323
6324
5455
4642
1173
5684
8730
2909
6665
8411
5711
531
731
2191
52
6362
258
6112
491
4994
5385
1839
8484
81
522
5448
150
850
5894
739
6584
681
9929
5485
4392
9499
5834
3637
7616
6912
8172
8496
6127
7869
6391
4556
5135
2819
9943
1917
8338
9962
8032
7078
9499
9197
5425
1099
4812
7594
7904
833
4538
862
5882
9559
8688
3494
3215
5750
7755
4433
5996
9118
85
324
9955
9773
9688
9742
1756
5714
8415
9475
2783
952
3576
6552
2049
6169
4745
583
8633
5654
2716
576
5794
1380
1870
2963
7050
9542
4545
2713
1776
3069
7101
5986
9626
4851
4235
3262
3464
9651
3191
3963
5379
4358
1663
2790
6460
7588
7093
5412
7068
5172
9143
1964
5949
2445
3981
3862
599
6208
7869
1187
6716
7717
3767
1611
2309
2943
9935
2272
2372
644
7461
4629
7688
8075
1874
8081
5558
8981
2051
9204
745
3326
881
6007
2597
6277
3228
762
6283
3953
1306
1779
273
2547
8916
3233
8647
3120
9117
237
6633
7839
8353
1551
5718
8849
2474
8954
1249
2911
882
5515
7057
8070
3236
1000
9547
4702
5165
6559
6720
3589
8269
6079
1791
4955
9809
2573
1908
243
3765
3805
8577
4045
8735
7514
2185
152
5871
1860
6181
3611
8250
3867
9850
5385
7649
4977
3510
9055
7161
2283
1143
6286
5543
4901
773
7844
9250
6469
2429
8298
1095
6419
7706
5229
361
4883
8985
2109
1806
7102
4409
8069
8285
4855
8413
470
8383
6116
3667
4659
543
8230
7258
5075
8226
9911
7271
8739
6548
582
6234
6308
4017
6144
5244
6211
5887
4192
6118
8757
3989
70
3018
7665
2921
1747
4493
2925
6035
2068
8340
5234
2265
1045
2979
4949
2648
4305
2751
2809
5151
7809
9142
2027
2252
8052
5045
2134
8734
949
9888
8420
8936
7989
5039
1767
6915
471
3119
1409
3449
9087
5277
3259
5124
7140
8442
2494
7976
3696
4276
8507
815
4167
2687
4530
3028
2798
1511
7387
2098
535
39
851
1242
1154
9702
1061
5063
7560
6028
2328
207
28
1390
1999
9926
4151
7236
816
4806
5776
4925
4556
1056
998
333
547
4977
2704
3109
3740
3864
2338
6090
6096
5098
8232
8785
2079
2844
9478
9786
9244
5207
3893
8479
1703
2687
8100
1547
5804
2707
3607
406
No Solution
0
0
No Solution
2613
5132
487
4984
7483
5960
9864
2706
5282
9699
638
5820
3351
1118
5434
4874
9004
2249
6598
2673
7366
5898
9825
8133
3529
2282
5835
2349
7151
7020
7069
7065
5134
5874
7386
4780
8189
9540
4960
7942
8385
5200
8476
6363
8649
4969
6928
4703
7995
273
3530
8819
9305
6455
6665
7369
5845
5506
6874
5692
9639
329
2932
9168
6459
8011
8893
9001
8329
2331
8915
1
6909
3661
4878
9638
148
723
1814
7520
1903
763
9058
6664
1280
8253
5719
7662
9838
6033
881
3877
1495
917
4858
3093
571
4410
3372
8071
7969
5410
1113
7777
5906
5331
1521
9506
4429
4714
8824
2098
1418
1955
3932
305
8505
1109
898
842
6208
8787
4418
9086
4331
3293
8805
2322
7294
9555
451
3187
6635
2198
3019
8924
3154
2909
6397
8784
6143
4730
3565
887
5403
2360
1583
3214
4954
4622
5100
86
3850
7163
2788
404
9094
3770
5029
1837
1972
332
5910
5837
7079
9932
9108
8785
9623
8886
6563
9394
2933
4609
2226
5533
1402
4161
8705
4668
3114
7343
8549
5845
4489
6315
1598
7251
4114
8257
8706
4424
4975
1649
6
2002
4193
3455
1194
6964
8540
7390
4584
4600
1827
5558
6906
4358
1165
5449
2847
5966
4762
3953
5615
9483
2470
4029
1779
1804
8096
1169
7151
9178
8121
473
4016
7093
6103
9686
292
9464
979
5454
1025
712
6009
4386
7536
9324
9136
3112
9474
1528
3312
9518
2126
7896
126
8850
9129
4683
5921
9447
959
7206
3601
9376
4057
6243
5518
1766
8811
4151
4605
1077
2386
1399
1926
7413
3818
6352
854
6720
3080
1304
3918
6804
2475
7805
7118
1690
7636
9710
8659
4826
818
8326
7988
6091
2656
7163
8218
6690
5693
536
5024
5034
6323
9123
7062
5103
7532
946
7401
6259
7697
1396
4635
978
18
2186
8182
885
6539
9365
6028
6194
590
8003
9808
287
7616
4182
6032
7692
2717
4937
9582
6032
9624
1078
3389
2228
1437
1796
9281
6211
2999
9879
8066
1921
3487
7141
6137
3974
4474
649
6963
1341
3303
3836
4428
9260
7733
2181
3478
8991
7297
6520
7701
8207
7577
819
6840
6543
6945
3508
9734
3698
2392
6796
88
5923
3855
5778
7712
3465
4809
7551
5178
8222
1613
353
1708
1542
2551
1366
6903
5139
8869
3680
3209
6634
6981
8162
3687
7657
5535
2332
7214
6861
729
297
2567
3530
6596
4046
5864
248
8372
1644
2209
7951
3199
5118
6131
9841
2620
6632
8355
3309
6794
9131
8903
2993
5496
4964
7447
5086
3637
7938
4589
6479
8137
7267
5522
3545
7882
1382
8349
1686
6599
5103
5491
8664
8277
9207
6500
2554
3394
6271
1771
3822
1834
9535
644
3833
3079
1498
1348
1323
9794
4868
3126
2441
4543
6979
4779
8324
2620
5852
2865
1336
5249
2676
8832
1729
8244
4759
8042
7177
4519
6525
2927
9681
6050
3119
2151
543
2068
7876
8086
6177
9844
6160
168
6495
8073
4424
2639
187
2215
9295
5234
362
7841
7249
8761
9822
3915
7483
1384
4684
7235
1432
7609
3681
9135
8140
7827
9333
7264
7681
2018
6170
5702
9648
3177
241
5510
8974
7047
1875
7698
4584
5484
3970
9118
8715
6570
9027
4083
2046
4713
2042
4621
1874
5714
5720
8999
3942
7217
7998
5422
8963
5359
1198
6094
9562
5526
4616
850
4753
2004
8214
3724
6607
7756
8859
6512
3953
3266
1920
2621
1352
7340
4531
7804
6018
4924
5496
1335
5413
598
8244
7361
6190
3757
3257
3649
5517
4895
5577
9061
1881
2181
9363
1421
4712
3804
657
1550
1114
345
5396
7273
2127
6570
5580
1554
3785
2584
2129
3272
2706
4914
9027
5195
4852
6871
7922
1699
1286
8538
9685
1412
3906
4800
6071
4438
7646
7413
5614
7088
3792
7848
856
4737
7704
7058
9194
5379
5591
3143
6159
8668
6051
9607
8602
6223
148
8563
4462
8015
2219
8269
6595
6030
6410
3751
9243
6995
4921
8846
9271
9617
6435
8228
4725
3739
4060
5298
8381
4558
2578
9844
313
5773
7286
3800
6558
3795
4205
4310
3923
4709
842
107
6697
1066
526
2442
9530
3450
6449
1267
4894
9337
3005
1413
1260
9901
3248
4671
4927
9767
9283
3582
9876
2703
4223
3579
1304
9905
746
9708
9752
7815
4960
6972
5587
2888
4649
795
6023
153
5651
8878
6845
5221
227
3929
7712
1750
4345
1654
6244
6411
3020
364
7354
5746
3371
7147
9814
4567
3541
4333
5320
9847
8551
9223
6973
2274
5192
8807
7372
9378
1749
7543
8183
8569
5281
938
5519
4423
6623
806
5142
5340
29
4267
1903
1928
6613
4666
7341
5741
2976
1798
6972
9835
179
8319
1160
3005
9908
4676
8071
6480
6250
1196
9511
3855
5190
4643
2861
8843
8993
2394
9718
6414
577
2837
7094
2998
2200
3192
5302
3651
3945
3837
3330
4456
6511
4405
5274
3210
5670
8471
8851
9746
1837
6242
1327
7835
7145
1536
5192
6256
5881
1614
3423
5360
7211
7634
3420
7092
4715
8459
3519
1667
757
438
3454
4405
101
1518
9583
6351
3206
9842
7260
5662
7465
6391
2716
7499
1233
3493
4823
1011
4346
8865
2415
4787
3330
5688
6244
9521
1187
4860
4518
716
8979
4644
2787
3869
7429
2114
3262
8453
2169
9127
1565
9281
3931
8808
1836
7709
6714
5157
3902
1965
5428
4685
2337
7800
7654
1335
4022
1937
7401
9165
9095
9230
4037
2602
1336
214
9469
6917
3981
165
3025
7664
1255
1387
6028
5653
7445
3598
1483
590
8628
8873
6169
3581
1566
3314
8513
8440
835
3174
3849
9397
1565
4807
82
1259
6605
983
8490
2227
3969
5722
3733
2314
8818
7145
2231
614
4373
1267
7648
147
740
4179
2680
1892
6712
7310
2094
2418
4585
7666
9215
3733
8643
1885
4436
3837
5622
7661
6757
5167
2363
8136
6357
934
2067
6487
108
5141
76
8221
6647
8550
9713
4224
981
695
1167
1639
7581
9334
738
6308
2005
8756
9344
3508
9181
788
3605
5077
7004
1639
7440
3519
3796
2719
4179
4088
3675
2847
7898
7174
9477
4626
4244
4190
4428
3867
5686
4688
4827
376
5978
8898
8971
6047
3995
569
16
270
7727
8571
2915
7698
5294
6544
8773
8864
9723
2407
2595
484
4532
5331
4142
5788
8619
912
7074
644
2651
6302
3493
6234
1112
5124
2638
8456
6484
864
405
2246
4280
6925
8686
278
5524
1763
6280
674
3498
8191
6577
7750
9523
7428
6445
3457
3948
9763
8854
6878
67
9061
7907
2185
4327
4361
3736
9421
2354
6449
9562
3074
7238
5939
1187
3150
119
7087
5226
5063
4157
4394
3110
7576
7503
2994
3302
4021
1697
9491
5901
1059
138
5828
308
3890
3604
2608
7075
127
3601
352
631
2136
5382
4891
8948
6928
2272
7127
7915
6289
2426
3407
1159
4807
1712
3141
3737
3558
9447
6521
1756
7101
4004
7559
5930
5325
4539
4097
3045
3225
3344
2617
123
1808
5331
3336
6627
4829
2942
9832
9815
5354
4609
4515
5310
8083
6063
2754
6798
5423
2602
5337
8359
3769
2016
4682
2356
3402
5244
5667
731
9531
9263
4788
3529
3716
7417
8017
7215
723
8131
8236
9304
173
1105
3591
3381
5244
7276
2677
2492
7072
6158
7805
3528
8300
6372
3472
8867
1484
9267
7313
3471
7197
4299
4148
3186
8822
4443
1120
4453
2810
5076
9012
5793
3079
574
9097
4091
4856
3572
3763
9431
4928
5152
6084
9648
1608
7535
3979
9100
1223
6674
6325
6099
2068
1668
2844
7345
8566
3853
649
6018
1256
2414
4567
3066
6878
5923
9968
9957
9526
9488
4801
5818
8032
1472
5982
8151
5598
421
983
2137
1756
2908
1362
7467
8206
9764
2670
1492
9944
6846
3668
9251
9116
4515
721
8011
6539
4595
5441
2599
4807
9162
3120
2769
1492
5906
7325
9506
4440
4736
3205
1819
947
2235
1709
4150
5244
1122
9849
2517
5354
7024
3311
8644
7084
218
8846
6989
7268
6236
5798
9855
4611
8376
8133
8883
7865
9034
4970
8265
8315
2838
4893
1919
2924
2361
4711
4225
8288
4378
1671
7594
7424
1390
4510
271
4815
8938
9637
4224
9219
6277
8837
3698
7469
8942
6238
6482
567
1241
5486
3793
2640
159
9713
1727
5652
7567
3097
7499
9247
901
330
2982
6067
5818
2878
2565
138
8442
1801
3041
8903
4715
7265
664
4469
2799
5926
8479
1820
4429
2836
6778
2473
6837
7190
8120
6943
3801
6829
5604
8703
8378
1290
9144
8680
1799
4985
4108
2069
6779
9792
8032
5697
6007
9836
3546
7046
7723
3715
384
40
5953
4375
4711
6566
3532
6377
6018
3207
725
5226
1583
503
4867
4388
3624
5971
6539
1131
3902
551
9793
8531
2098
1352
8054
1803
6256
5114
963
1711
3788
6625
2722
980
2621
3485
5346
4333
1399
3909
4737
74
6322
8920
4162
1900
6030
9164
5799
7382
5647
8239
1579
6699
8027
4600
3489
9817
906
2189
4177
4985
9076
2571
6461
4384
7774
9934
5583
5686
6003
764
2299
4400
3714
1286
3569
2417
7709
626
4322
8865
6948
5616
123
7174
3274
9657
7927
5026
2412
1759
659
2204
4130
4730
2915
2336
5470
4895
3497
3678
3562
270
5623
8213
4452
6542
4918
5054
1581
9522
5831
4454
5919
632
7328
6573
9417
8632
4683
8783
6600
4401
8270
1863
6761
4904
867
5964
3244
2208
5923
9497
9798
5717
9816
2389
9825
5475
8338
5278
6263
2678
339
6302
3510
6127
1346
3527
2832
1152
9049
5042
7434
4898
1185
136
6818
8182
6683
3822
7601
4224
1988
400
1620
7179
6043
4480
6093
8657
6904
1925
6104
9465
9565
5584
6946
1102
1473
1144
7531
7785
6685
9302
6637
5154
1327
4512
5050
3141
1792
4763
184
9335
3670
7157
5672
6283
3331
6621
8189
8955
5132
4395
8785
7760
458
8427
1957
7199
1519
715
6276
8616
7326
1652
1860
2113
950
3373
584
1103
6446
3845
5541
3472
6483
9588
3201
3668
9479
2732
3385
1590
2540
9394
5312
2860
8238
8174
5039
536
5229
2381
4580
6075
4251
563
5602
1883
6
1376
3325
8764
1610
4618
651
8136
6798
1797
5085
3785
3764
9852
3784
1187
9147
5076
574
229
6722
9715
5818
8807
133
2962
6738
5533
9876
9219
2337
4680
9673
6365
9697
8526
5650
2150
1031
9817
1997
4691
4390
2202
2301
9937
2733
7759
7105
6526
2624
8816
2873
3053
4288
310
14
2846
2414
4119
4948
3902
3858
7680
54
1134
2708
9116
3458
4081
581
9264
3562
7654
3722
210
1930
4827
3298
6844
249
4661
7109
2609
8162
6802
5234
5745
2680
1440
5635
4600
1423
6367
8633
2355
7593
5603
4339
1252
3453
5719
6274
3187
8844
3945
1904
1944
4758
5550
408
8331
1493
6479
2698
7328
4179
1681
1112
6451
3470
8683
7960
8605
9742
4837
4437
848
7213
1621
7483
2758
3449
3000
2298
9202
626
6042
9516
830
8383
1702
8728
4786
9590
5498
4260
8073
2363
4837
6650
6431
5715
8314
8438
5011
5889
1700
9039
9958
3157
7413
4174
8904
3470
2372
2228
7740
8750
238
2903
405
7168
1365
6185
1925
2116
1825
7168
6968
4786
5234
8379
6061
7375
4266
5967
1643
2531
8712
2010
3764
9301
1976
8565
3386
7361
7672
777
7236
5841
9705
5637
2243
3455
3205
2053
3639
6939
8713
651
7614
4166
6605
5699
7340
2372
6971
1170
3180
347
9618
9576
9814
3775
7749
3009
171
9891
186
9014
6012
9424
9196
8508
4148
4279
7025
4597
8720
9075
6916
1817
9922
7675
9710
5092
5266
2332
2732
2956
7600
5651
3884
3073
3118
5459
5719
2923
5666
5
3070
9748
7385
7771
3644
9120
4747
5845
8208
6121
188
962
5667
2181
9875
4544
8915
7199
2694
5764
8093
4677
4219
1719
2318
7382
9035
9811
8162
5372
679
1963
3145
9923
8011
2977
4664
486
8257
4444
5105
9805
8421
1963
6610
2428
7718
180
1204
5730
6239
8619
5748
7679
9938
3655
1764
6034
7563
3464
4572
2579
8502
6065
9141
6015
3070
2989
43
9777
8543
8119
1745
2403
7103
8033
52
2869
4648
5548
3889
8734
5872
2275
5507
3132
8531
9793
3226
1327
6985
2436
4032
1087
7351
2044
5935
2477
3495
5165
3021
6493
8174
379
88
7037
6378
2323
6648
9328
6098
5250
7154
8650
2144
8702
3527
975
8694
5621
7619
2273
7758
2667
1119
5210
1856
6020
738
3028
8327
5663
6964
4208
4097
2737
4763
9105
1038
1192
5608
5949
743
8459
5492
1014
1289
9769
7085
4014
8231
8214
8063
971
5893
6458
3467
6734
3785
47
3608
9337
9495
2018
8199
4322
7420
5634
5966
7629
7728
4298
2435
4896
3629
4996
450
8728
9229
524
5921
2704
8697
3472
9206
6438
4622
4760
7413
5278
7880
632
6954
847
4017
3546
4331
2259
9649
6678
3112
8408
2255
5679
3807
7181
4712
3645
9514
6164
1273
3511
1593
8478
7058
6763
3594
5580
9840
1881
5045
8747
4191
8761
7498
5407
8480
5571
3022
9315
2561
5419
1154
7673
4365
2307
2633
4178
7452
5756
1937
3286
1422
8373
1770
9548
1568
1209
9274
7667
6531
8061
5779
305
7714
904
3914
6742
5604
2116
4581
3509
172
851
2081
8966
7620
9532
9390
3625
2735
60
8751
7001
3290
5609
7156
2387
3564
3054
2779
5039
7758
5975
4438
5476
8602
467
6002
6867
3961
388
6910
6559
2036
1065
1349
5802
3935
2510
6951
4184
2586
1308
497
7861
4395
824
8708
7193
6634
7371
9825
7001
8752
7343
1154
5734
4761
1694
3138
4746
9252
5071
3838
192
7977
7085
5082
4726
4951
490
6424
9473
5496
9625
440
3712
1686
378
6140
8708
7091
4693
7206
5081
5936
158
1935
2305
8061
2302
6087
8545
2526
7431
5948
9405
4731
3949
8271
8451
6203
8210
6203
3037
9557
9612
7089
1550
1576
7736
415
584
2401
3076
8556
559
1792
6217
6915
7678
5506
844
7887
1994
6204
4473
4945
8873
7233
3547
3609
3460
6493
1582
5664
9201
4993
7744
2993
3359
9634
6662
4380
1898
6841
1230
768
7763
2488
4933
8852
2897
4693
3718
9503
3308
6632
8806
1214
9712
9206
5274
5300
5152
2587
5229
1663
6073
6653
6942
5314
3794
802
8026
1830
7573
5247
5245
2516
6759
4977
1129
8849
6465
180
9287
3557
9098
2225
7229
2221
7828
7058
9353
5058
5051
3867
2359
4188
6244
4334
7234
9495
4955
4863
8282
7628
2155
1028
5213
9597
5898
8765
9504
5400
6148
549
5938
638
1701
2372
8199
9235
7401
6379
9128
1581
9252
4172
5853
4979
41
1456
5726
7556
1748
7554
7556
737
5030
4445
2683
8350
1606
6253
3881
563
949
5033
3930
9390
8416
7712
9438
2207
1866
1770
4240
4950
8359
6439
9031
8096
6454
7659
578
4315
7105
3457
9913
9023
6070
3946
5945
7500
514
6425
1444
7339
3950
7734
4605
7379
9893
1335
8505
7089
6633
4209
5938
5521
1277
749
1966
1563
9100
4303
4822
6015
5818
7786
8954
2411
1750
9221
7347
3890
7640
6029
3570
8895
7388
2793
6101
7804
1851
8678
1231
1377
4110
8600
85
7299
9526
6718
9215
9860
8589
155
40
1338
2224
6110
6706
5995
7291
6808
561
6560
7287
997
3346
970
934
8760
2890
7780
7309
7127
459
5244
2308
4222
4632
2358
6309
8350
3303
6434
6974
2194
4250
930
6630
2680
6411
1769
7710
4828
5395
9876
1929
2977
5961
3403
2331
9094
5608
1040
1285
5917
3105
871
738
741
19
881
9402
5037
7102
8836
2113
4192
7959
5565
8977
9918
5106
5538
7503
2914
1061
7259
2733
1720
4321
6236
3545
9940
8709
4008
994
6987
1056
4179
2637
9240
1138
5554
3657
3940
757
6960
9374
4211
3082
4468
8171
1127
3971
2132
8846
1884
2454
3358
8439
5307
3423
8178
7733
322
3835
7616
2961
5775
8229
5734
2930
5222
2577
8940
6800
139
6101
1690
9298
7531
3273
445
5580
6172
7078
8694
1760
3441
8552
267
261
8901
8374
9372
9187
331
9199
2080
9783
4717
6875
6769
2835
1441
9459
2703
5772
5221
8472
7306
5655
8932
805
7929
7165
3468
1082
5476
834
9933
2928
2290
2113
9620
4240
3433
4837
2113
1625
4881
442
6018
9948
2669
42
3599
4195
6526
7190
4958
5535
7130
1547
8666
3750
803
8407
5258
7549
4412
7654
6377
5264
3534
8513
893
4271
3200
7227
6934
5164
7304
3473
1276
5681
2887
8261
629
2158
4945
7608
2172
9701
5756
2293
1441
3115
6393
210
1942
6167
7732
4132
3438
6700
6724
5882
8304
2401
5849
1504
3993
8673
5531
6601
7305
236
5071
2028
5117
6131
2756
7510
9151
4868
70
3
9485
477
220
5619
8519
5327
1702
4025
4584
4595
3411
9470
4046
798
1442
3857
7782
5755
2498
5356
9489
4476
9376
5316
620
766
1422
7137
2471
8739
5238
1380
3816
9110
8930
5938
8085
361
8832
6007
2388
8126
6500
4622
2656
6605
9721
2604
5884
1634
6634
1196
2846
4471
3281
6451
287
8861
6114
1141
1106
1111
8704
461
1599
1524
7675
5689
6218
2796
9651
9739
4309
7519
8944
3928
2130
9648
8114
6891
6958
2552
9811
9489
7236
2528
5646
4773
5462
411
9273
2476
7023
9116
5414
9017
2771
4214
2563
2257
2839
8901
8360
6841
777
9633
2201
2675
9839
7027
5877
6485
5630
2269
2611
9732
2125
2397
8521
9132
9092
975
9074
9313
9766
4801
6857
9742
3032
7998
6606
8616
2068
8234
9604
2850
1932
907
9879
841
6197
3947
3367
5454
4983
5046
1272
9155
6057
7557
6627
2233
6349
1716
777
1756
427
5628
3199
6972
6704
1813
4453
6581
7876
6193
8974
7607
2516
6535
6371
9651
9012
919
6088
3276
6332
9119
8904
654
3545
4778
6364
7762
1549
2521
5017
4575
7008
1277
1943
2529
4006
1538
4464
8011
2761
3134
296
7421
9604
2550
273
7007
7899
2389
9715
3674
8846
1676
8649
2934
9428
6779
5978
3311
6947
1799
6055
1884
4284
5863
443
4429
4728
5375
7950
1919
9834
7948
7435
8363
702
9767
8954
6018
2354
9778
7217
6900
5934
1684
9229
8956
7469
8876
5365
7761
9495
9921
4030
9156
9925
229
3156
3601
4707
6686
2911
9042
9079
9586
5705
3616
4186
796
9635
4046
883
7894
8263
2066
4340
7855
2935
8118
6428
4806
6071
2929
8622
9424
543
8487
5635
1347
4947
1530
7496
7836
2582
1327
6834
1688
3053
8206
4417
965
4463
6988
6457
3570
9695
9928
5659
9313
5962
7734
2032
8040
9760
5197
9121
9018
1879
7379
4876
9269
4061
5595
4664
9843
2888
4111
8001
4247
1180
662
6090
9149
9887
5391
4717
6311
2389
486
306
4410
367
1269
8991
4627
8194
8365
1615
2079
7695
6462
3694
639
5995
8091
7150
384
143
833
5720
7609
2761
1787
4527
9373
2032
4090
2130
1602
6640
2190
1972
6083
4695
4549
5976
8147
2597
6356
4424
9572
6921
8802
4258
1105
8179
6630
3619
5776
7126
8616
8827
4273
5416
5256
9425
8218
8938
2031
5284
3437
995
9196
6542
7944
7773
7188
4198
2590
7203
2176
6604
4155
413
2567
211
7879
4351
3469
593
4332
6949
8442
9675
3559
903
9106
6289
3517
7602
1816
864
9085
401
1762
257
6300
3992
7269
8485
6223
9541
521
5453
2597
5484
4207
1155
4548
1907
1996
1168
627
2000
2678
1118
1954
7910
663
1566
7038
9446
5132
1176
3161
9735
5078
8518
2609
2916
34
6948
2351
7278
3729
8500
490
4429
3845
1961
2145
7260
4296
6512
3068
7430
3415
1130
8032
5281
2078
1576
5371
3627
5969
6489
9125
4430
4911
7682
2547
6936
7589
2444
3435
6048
5345
5895
7854
4260
2328
3050
6031
1226
9094
1885
6607
1068
8569
2416
2656
4316
3475
554
8871
7041
5253
2036
780
3548
5179
9745
3575
7608
2488
3912
4740
6615
6239
4498
5606
9057
3589
3749
3353
9581
7847
2817
5624
3179
5852
9035
275
4024
5183
7000
7411
6175
4398
2589
6477
5124
2445
3598
3012
860
9868
6033
7423
1800
3950
1940
7611
2777
4633
2073
3119
6247
1786
9190
6413
3154
6535
8052
2470
2842
9299
8525
7303
1073
8541
810
4057
9836
752
7
9741
7930
5050
5462
2016
1823
7967
6126
6490
8692
6931
1486
3931
4975
230
6985
8762
5873
301
9450
9453
8506
8494
2973
4598
1479
7790
1103
3910
531
139
6983
5545
4990
4677
4102
8199
17
2313
2509
7311
8339
243
7175
1865
3706
5442
4375
8962
9252
1537
5734
328
7608
4322
1143
9211
3740
5272
4808
2717
142
8662
6024
1622
2829
9924
3639
7779
5940
3057
344
4573
3420
9940
5100
260
7603
5538
5732
2001
8169
9601
8153
7776
6810
4304
7401
4723
3743
9368
3020
360
9906
3554
5708
6111
7354
4758
6436
2815
6452
3976
7743
2285
6577
7188
1964
2232
5338
8470
4441
2364
5820
6161
3881
5242
2330
4569
664
1005
1882
987
4371
267
2196
9382
5895
9076
3436
1044
7856
6113
3798
3447
4476
6158
1181
9492
4257
281
4381
6324
9247
6531
7849
8223
7488
7922
3412
2824
1647
4430
6059
3721
3252
6359
6250
2778
3029
4611
5371
7868
4666
47
4992
5277
5703
9895
4999
9172
194
1541
694
7066
483
3930
5912
9359
9176
3153
8282
459
2867
3964
7089
8932
6072
7067
4511
3844
8465
1736
2930
9865
2813
3699
4745
2716
9061
6206
3772
1752
4389
4891
4647
3022
4499
3937
7636
7902
9876
3832
4698
7493
8201
4368
637
1306
797
2975
2475
3962
2867
1847
3480
9543
8508
4567
7702
112
1971
7032
4891
546
6690
5774
5108
607
4528
217
3630
4349
1099
4953
4962
1826
2285
3411
9372
3873
6960
132
9735
6431
5949
9572
2905
4275
9828
6157
7675
5971
2483
4279
5642
8498
368
1017
99
9965
4362
3566
544
4293
212
6934
3976
7985
4000
114
2493
9420
9267
9086
9203
9684
2805
2143
385
6261
7776
6728
2338
525
9418
9030
6085
520
4263
1021
8214
5262
1473
8516
6291
868
7227
2919
6575
97
2342
4833
9810
9700
7648
5740
7954
6444
9226
7169
8496
5536
3190
9134
267
8914
480
9385
1350
9506
2135
9623
5492
3338
220
6753
7298
9795
1833
1570
6686
1506
1348
2688
6173
717
8074
6980
8695
5307
502
7080
3394
5580
6134
5232
8723
1799
7084
5155
4994
2782
807
9785
7626
5139
9919
1782
8740
5245
6802
7763
3289
557
7447
4905
6385
8079
923
5042
5004
4257
2830
359
8433
3213
658
2110
8493
1208
2212
249
1177
5048
3286
7323
9837
4929
5374
7354
3976
9886
1507
9243
6676
5646
3708
1934
1106
9156
3037
4939
2396
7562
4042
3605
7741
2679
5433
3723
9436
917
891
7838
6696
7968
6601
2840
7491
5379
9820
754
3945
9542
7683
6434
9719
130
2295
7409
5937
8950
955
4831
9489
7445
7713
7154
3395
4358
1790
1272
1460
8288
1055
1899
2801
1546
8023
6217
203
6656
752
9889
1862
8165
8459
1080
810
2825
5855
6316
2025
1522
7193
6838
9814
4450
5428
9030
2479
6474
9191
97
9151
8849
1821
7121
9451
6145
990
6496
7014
5268
2607
2526
4878
8691
9762
5863
6708
7002
4791
7517
8663
235
9556
2949
5172
8167
9075
7854
2852
4211
9499
2224
4307
1556
5295
1963
2416
2112
6589
4221
7424
310
7133
9530
2238
638
8209
4929
7306
9157
6895
8559
4929
2202
2789
4213
9614
5290
1383
8446
4426
4309
6495
5788
8462
2151
3453
1307
7117
3341
8012
5879
4104
3473
117
3114
7980
2889
9711
7572
4683
2497
4987
8460
7599
2079
5437
313
2116
619
1270
48
6049
3000
9220
3106
5576
6163
6792
8526
1240
5915
1017
7240
3821
322
7972
3110
1325
3602
2540
6540
4230
728
3952
8618
7309
3124
8449
5940
1366
7991
7509
3706
945
7789
9430
1122
8310
7494
5550
5855
9801
467
9593
527
6320
799
3765
5154
2375
7839
3795
4443
1224
682
2000
8970
4663
4593
5229
5032
4976
760
2027
5540
8725
852
9585
4065
7414
9832
2705
1518
7801
6276
8280
2806
4369
8616
9307
2370
1411
7061
2289
5257
7944
5213
3106
2489
758
2766
7605
7968
4963
3323
1654
7414
697
2383
4338
1689
6495
1820
8130
2347
2747
2871
5510
3213
4956
3751
1932
923
5931
3656
3924
5723
2668
3000
1543
4922
9889
8513
9188
7277
9667
6795
5407
5807
107
8301
2613
3253
2940
310
1787
7586
8426
1112
1229
5220
1596
4932
598
6709
8265
9050
6200
1644
1778
1764
2917
8890
7455
7323
3163
8478
4192
2650
3152
8584
9039
3921
5220
6359
8740
4375
9393
2083
1550
632
2329
5898
8631
1231
4710
9478
1454
3672
3237
3936
4957
5386
3757
7509
3714
8601
8440
333
511
4596
8949
443
1249
9648
215
3535
5586
2384
6202
525
3365
1747
7445
3806
3597
8746
5881
6770
2680
3269
4374
2486
276
2212
6190
5415
6533
7129
7548
945
6191
9799
3421
2907
8329
638
21
2078
3275
5355
1383
895
6700
4314
9163
3773
2328
5804
3064
9461
8128
8293
2616
6909
8699
481
5870
212
7863
9464
2067
3667
7933
924
1232
4410
4639
4998
1844
7227
7163
8592
8854
1854
2563
2871
9927
2058
7259
6054
803
1582
5518
1740
4684
592
2585
7843
2820
4791
994
6299
1832
5078
7416
5122
3487
1118
3129
2858
9289
2908
3598
765
2523
1225
2521
8195
3219
9309
8594
1455
7116
537
8059
8852
3698
3236
7189
4223
7224
2407
8149
9484
4327
2796
7657
3542
9443
1726
3115
4887
9134
3191
2028
9372
3016
8491
8814
7417
3591
1259
1942
5375
2278
9896
4061
1607
2041
6880
9591
190
6789
3547
9917
5378
6127
7205
693
217
5828
5373
6613
7957
4614
5261
8981
3908
2442
2329
7689
5904
4796
1545
3749
4200
1418
2953
2188
1752
1061
5018
8160
3244
6015
5389
892
7416
5630
5453
8010
3990
4446
6241
7828
4420
6701
9651
9340
40
284
2219
8254
1524
3805
6445
4341
1769
569
2255
1149
1687
5171
6208
4719
9852
7215
32
5610
2727
438
9710
4966
6249
282
3783
1002
6807
2536
6820
5374
6711
9644
7073
9571
4320
3770
4224
3803
170
2968
2269
6540
3046
9107
8205
7229
7418
6425
9311
3468
5804
3307
5981
5015
6109
8308
2490
5908
3835
298
7939
5111
8252
362
5229
7542
2524
77
5309
8010
6648
6040
2439
868
8543
7403
1717
5394
3342
5081
4579
3076
6068
5773
798
6618
4377
4045
5111
5170
3851
3404
2046
3354
1657
6485
1575
6197
1787
1066
9272
5615
7157
2776
383
7193
411
2869
5738
1242
9154
6690
9916
1089
2025
8079
829
8620
1417
2377
2683
903
9165
4161
8617
968
4319
1094
2768
3166
7503
1572
894
1402
4375
6276
5579
7875
7130
3505
7040
5943
1325
7181
5336
6438
1681
6255
1397
1567
2547
161
4546
3910
5830
31
9470
1780
3756
7592
441
4735
8543
3533
9085
7091
9207
6933
5473
4940
2942
2449
4105
1398
372
3225
3741
1083
3095
5812
2433
4383
688
5248
5307
8927
5117
9497
503
8181
7477
9226
4945
5508
3413
5086
4867
7892
2116
1805
3592
1623
4080
1940
23
81
6800
2081
4515
7443
6603
6949
9120
5944
2365
3637
5470
6899
8073
1242
8237
8358
1675
8124
3420
3035
567
4230
9274
3345
8265
2363
101
9379
5833
3953
9722
1812
7831
7165
3527
2745
1079
3026
3983
6942
5959
6097
5454
6752
1386
3338
3037
4523
517
1444
4773
954
8014
6158
9378
6621
7717
1232
2881
865
4572
7307
3968
8783
5031
6763
8523
1348
8768
7349
4989
5077
141
1633
1085
8051
8622
8585
1991
8296
3894
6855
7806
1932
4919
6974
4701
5841
5741
6034
8365
7693
430
2750
347
9804
8941
5999
6146
4564
6225
932
9757
4848
8304
7681
6113
9155
1730
4506
8067
2635
1947
8660
829
5234
8942
8210
4839
6401
6083
4563
8658
5909
1617
5519
8349
3608
6281
7071
727
5091
3794
2258
5423
911
9604
1808
0
3086
413
3634
8186
5256
8677
1792
9083
7718
5072
1100
5165
9491
44
7189
660
1345
643
3837
822
6887
7452
9678
9277
2025
245
1306
7760
4661
2954
8052
9649
9733
239
7672
5727
4971
2792
9258
4781
3691
490
2919
4548
516
4205
1400
8221
1475
5157
3657
4810
2086
6337
7764
1122
7243
5653
7193
5832
6122
7298
7752
4653
7959
3730
8442
127
5080
1357
4889
6937
9047
8332
8723
9526
1609
211
1935
265
6245
9895
4587
6128
9617
3721
802
9757
4346
6851
8925
841
9283
3753
8110
6250
2246
5020
5266
3333
381
5416
2907
6101
9362
4360
3787
9313
2553
3652
5587
7924
1006
6339
1441
9688
8984
6529
2668
877
9781
3414
1158
6001
7387
9910
2535
4799
6228
456
5575
9774
3303
7952
2716
6378
233
8262
2317
5596
4781
4770
4305
7328
3565
1402
6938
6351
3584
1722
3812
4172
6430
118
6776
9386
5366
5167
9491
7387
5724
295
2904
6903
9631
4511
8221
8888
8172
9285
6743
7936
4717
6333
6131
176
6754
7393
2291
8054
5623
1870
283
5255
4311
5118
7564
3651
2283
1741
8587
9580
9169
2330
1713
9260
7936
9304
8526
3987
7676
5498
8006
3627
224
1761
653
9812
9840
1494
1778
5316
7040
3095
3408
2921
4359
4372
1789
2435
12
9546
141
7601
8235
9110
9525
2909
9420
6651
3862
8689
3886
6732
5642
5036
8379
6703
5737
6305
3785
548
7470
2522
1715
2911
4131
634
3075
7761
2216
8904
2461
5045
8148
8684
1928
5843
7871
7432
5903
5491
5719
4080
8670
232
379
3100
9874
3448
350
2877
252
3234
4255
7028
8076
2673
4542
1778
8512
3077
1569
8632
5596
8791
1779
9243
1676
2514
3544
2333
6674
3403
5090
2884
8123
5937
2440
1597
2534
1679
3349
3885
4562
1076
4523
8913
8364
2517
490
6890
7026
3375
8687
619
2419
9094
9587
3955
7218
6593
7665
5449
5184
696
1184
8588
3988
2483
3457
7590
2856
9357
1541
7976
3455
239
9421
9394
8870
9218
7486
2763
5447
2795
4780
2744
1262
8664
2590
8909
7333
2471
3634
9470
7878
8724
5029
987
337
8294
2890
3667
8008
5241
7164
2465
1647
3230
9007
5050
3620
2287
3912
2764
7800
4166
4692
9047
2385
9705
1469
4253
4005
3028
5135
376
9639
9971
6298
7317
5239
3316
3616
254
4269
3752
9445
7539
4923
3180
3876
9576
7089
5009
3400
4931
2696
4709
8050
9670
3117
8830
4067
9690
3517
1430
8342
4264
6346
3141
4996
4061
1160
4373
5757
1940
9386
7778
4052
8144
4174
3196
8802
6560
8670
5285
5178
7697
8781
523
6106
8574
409
756
8863
2714
9701
6174
587
3708
6560
8725
1832
3931
295
4071
665
1223
835
4635
7170
1451
9804
3112
6446
8375
8850
721
5575
8719
7518
1808
7175
52
9674
6758
2987
7354
1217
3337
8705
9497
7554
2322
653
8960
9721
6546
3649
4747
6280
9244
8191
7351
1951
7172
6973
8307
8047
6000
9124
3558
4282
6658
1770
7
8490
7393
102
4221
6876
4067
4505
1815
6984
3752
8158
5062
1202
1347
7056
7776
3110
8757
117
7806
9512
3069
5903
3901
423
4048
8923
6938
2059
1196
8362
2493
664
7622
5914
956
3122
4861
5386
4518
7108
3659
1909
8934
36
9416
737
6942
4152
227
1600
448
9393
836
2448
7941
8392
2717
3786
4751
1979
914
7278
2409
8657
4357
1927
1810
1447
3904
3409
5377
2350
5140
5715
859
8170
4611
7422
2731
3454
1099
271
4440
6593
7298
323
3979
616
4748
9741
9877
8689
8489
2914
7172
7159
9473
2050
9239
9516
2367
5388
5386
1759
8544
8658
8454
6080
2730
9520
8170
3972
938
2282
2780
5873
4978
4695
3097
4393
3318
340
8633
2470
7619
7159
961
7018
656
5
6162
4107
1785
1348
3186
5855
1424
6775
8293
4928
7856
9383
3401
3529
5832
4297
4880
6394
4153
6410
2192
2917
8769
1632
8859
1976
8874
5760
6537
7715
1048
5682
8143
1029
1029
6059
6356
4845
3192
301
4086
2568
3393
2086
1644
2343
5
1138
4457
1239
9796
8371
5942
6431
8750
9822
3538
3822
9904
8768
6300
1421
2581
3780
480
6541
8732
5638
4832
3473
3253
4139
4774
8365
9717
1660
5346
8402
9162
5368
2197
317
6637
1559
3901
4185
4747
6718
8119
3573
7159
5021
4334
8369
1326
3544
3869
5863
4426
7281
2165
2390
7025
4568
379
3246
4422
7199
4988
8353
361
5149
5193
9257
4084
7400
2799
8066
9420
4148
1456
3097
1678
9610
1105
1705
7964
2301
5836
587
9464
4652
7327
5671
4683
4497
783
4247
9486
6509
4670
175
5721
4381
3900
6040
5318
8128
1455
7173
1061
4994
5522
5873
362
1118
2752
782
4147
4531
1299
5720
1447
8030
1742
4313
44
5662
6861
1089
5097
9832
7585
9303
7159
3331
895
1532
5888
9788
7735
8838
7611
4589
7766
9573
3347
579
6914
7222
6886
8306
3120
2359
235
8075
1572
8608
5397
5039
8645
9794
9228
2771
6558
3336
7206
2793
2469
1602
1677
1538
8035
3977
9763
7647
8606
7856
7063
939
7646
110
571
9177
7489
2269
443
1338
4804
1478
3669
16
3444
7898
7240
8696
6259
4185
7668
4107
2551
6640
9199
422
563
6283
2088
3863
3090
948
6991
3842
6903
1374
6117
1457
2344
415
1770
8161
3585
279
65
3141
9639
7894
3852
1658
458
5729
5765
5130
7452
4433
672
3834
7794
5879
9262
9146
2422
3778
1197
689
7202
5252
9213
8562
4874
1833
5329
4013
3869
3469
7873
6931
8981
9867
7249
589
3962
7167
3863
1015
5766
820
7837
6038
1743
8362
6500
8274
7889
1785
2978
602
1888
5951
9305
7655
1902
8244
7308
4558
8076
3420
9603
6002
1920
5158
6564
264
9198
664
126
1022
7378
4461
3342
3663
2275
5828
7454
5563
6198
2255
1344
5629
5025
2113
9778
528
5383
5219
7447
2159
5073
4120
1107
2493
4168
4413
8800
9458
6984
4233
3360
8453
8895
4883
9016
8722
4251
6985
7381
8115
8195
8885
4302
3940
3394
1234
1489
1949
524
5572
8536
4590
8666
4447
543
5081
3868
1947
6878
9378
1990
8862
7967
4027
5436
9655
8584
8488
4326
101
4335
5469
9622
1673
6286
374
8017
1514
6604
9739
1334
9025
4223
5967
9376
4909
6335
4844
4043
2553
6993
9399
1193
9280
610
9226
7670
3692
6986
6338
3644
9910
8911
2042
6359
7695
9405
2591
1624
4790
8004
5822
7131
2942
9159
2535
9120
9378
9875
8861
4590
5830
7094
5881
3986
3146
7890
888
353
9139
600
6205
1871
837
6641
1303
6112
6993
2224
9847
6352
7353
6938
4330
9336
2696
4124
4186
3119
8467
8360
3316
6524
1536
9843
9810
457
3000
2913
1354
9713
721
5173
5466
9106
2886
8195
7412
8390
5417
8075
2880
5254
847
7653
4411
8535
4336
9022
81
4301
6647
3193
4395
6668
1953
5056
4984
4018
342
8891
7764
460
7223
7054
5130
5917
4955
9613
1719
8843
6562
491
4325
5430
3392
1244
3486
4757
8362
8787
7997
4296
5752
3463
8000
8360
8543
3290
5798
40
5827
1422
3017
998
5168
467
9747
400
5554
5322
7391
4910
1997
8585
585
1267
8310
4348
1215
5322
1446
7149
4574
615
2704
2518
895
1830
8565
878
3444
5526
3518
2196
1441
5904
4668
8845
4727
6175
7514
7775
992
5001
8151
4815
21
3242
9857
6714
1909
554
7820
6951
9002
6598
8133
2030
1213
2180
8307
3386
8084
6485
7050
899
4716
3249
8469
6809
3267
26
2987
9244
5744
7220
7812
9883
1576
337
3235
2961
1895
2289
2214
3344
5733
3884
27
803
8690
2536
1828
37
3600
6191
6987
8368
7262
6109
4965
8280
7681
7141
322
7031
9880
3254
6480
1389
4484
8782
349
4840
8933
9184
1047
2095
8457
8560
988
2424
4002
4884
560
5961
9784
3086
509
4633
5023
5202
4850
2631
7052
6748
817
106
5009
9333
1444
49
4541
2203
860
5769
3574
7479
619
355
1093
1651
8351
8094
2803
2418
1189
3253
2376
218
7602
2634
5054
7857
5265
3929
5511
3344
1009
3896
3503
8721
3484
2928
6649
5701
5942
118
3643
5467
2933
9914
5433
2250
327
8402
3032
8459
3363
819
5752
4244
6092
3174
8999
5683
331
6009
436
9684
7128
5846
7839
3058
6615
2641
564
7202
8089
952
9785
8157
6789
1544
6055
8207
9107
2373
7122
3196
7678
3425
2661
4117
7527
905
483
7555
3248
593
8741
2789
515
2513
1305
7350
7474
2768
2987
3496
2522
6867
7495
8134
6536
7697
4680
5566
2335
6928
2648
7810
1133
4327
8738
8068
5032
6184
515
9847
6690
465
1160
7666
7631
6279
7891
3037
5151
7648
6002
3191
1563
933
6711
3870
3618
5247
7491
488
4971
899
9622
5672
5302
1549
1204
581
5045
6335
7864
2570
3079
3401
3704
5289
5275
9310
3330
1340
5214
4998
2796
3978
5220
5379
7812
4831
1881
8441
8337
1709
6318
181
5246
9697
1567
56
4205
6312
152
1768
3840
6385
939
4477
9272
1846
3559
9066
1652
4210
7730
2250
4075
744
4784
3629
142
4429
1182
223
5520
1781
618
7859
4668
2123
4481
6594
1736
4245
4330
6296
902
3807
6159
2399
2743
9934
4419
148
3629
4890
8089
7731
2862
4318
8285
7476
9061
3407
692
4926
7218
9556
9464
9421
1709
2173
9016
8292
1708
6460
4322
9801
6584
4868
3520
4481
1947
7204
2182
6761
8491
3721
5639
2412
977
3032
1861
1212
7667
2287
1940
6760
5318
6384
9915
6303
8277
8172
7710
4208
8391
4402
1105
1392
2767
5300
5764
2594
9284
6784
4321
421
7165
4308
1954
3084
2826
8039
5023
2645
3512
3328
9897
4073
8956
2863
3485
5730
5088
8011
3539
5376
4912
820
6280
5782
2328
2955
7542
3593
2433
4051
3088
9655
9570
467
8201
3910
5770
1616
6863
448
9355
1105
3873
7406
7031
2642
1627
2554
4756
7803
3867
1229
4858
9358
6995
1581
776
6221
9870
6427
9288
9667
3750
2182
2902
6101
7671
3912
9761
8215
1004
448
6098
6971
9616
4405
7075
9137
253
213
9103
9726
1611
7808
6717
3519
3000
1426
7327
5720
4848
4127
8010
6761
3615
9712
9387
804
1033
4720
6585
4279
4751
220
5998
2770
4714
7354
8508
6422
9797
5437
8471
2053
2803
3511
7709
3009
6335
8769
5941
972
5019
6882
9014
1791
9060
9800
8122
1684
5874
6764
5527
9044
4058
6905
3249
9457
4418
1145
922
5357
1376
3486
4339
2401
1552
1466
5004
9734
713
1127
6761
7042
6540
927
1453
7328
6656
8811
736
2799
5544
4046
2213
6580
8096
7173
8509
6345
9283
8976
3259
5774
765
2875
4909
9231
1796
1233
3298
9081
2325
7959
3658
9784
3011
9722
2499
3348
9756
3504
4057
7496
2588
3253
1949
2911
7010
7966
7264
4316
5506
225
5237
9956
4850
2897
4533
2333
7539
2047
978
7803
7199
3255
1079
3817
1489
4023
2680
745
775
2174
3646
9684
5322
8991
641
3701
9932
3987
9211
6970
4266
7833
3460
9630
7960
6865
5127
7231
7145
1240
2860
8058
9548
4212
4767
6446
4268
5068
5180
6398
7921
2746
448
7209
1052
8935
4143
655
9938
1896
1753
5635
8541
331
1712
6975
9328
2885
556
4595
9541
754
2172
2887
9608
9327
9394
3413
2813
5504
9655
9575
810
7713
6338
7414
7503
2084
5921
4263
2759
1551
2017
6733
4941
631
9302
8033
8854
4375
1387
97
1574
2231
8981
9201
3240
5364
703
932
621
3250
6205
2816
5047
6084
3389
1968
7591
9044
7039
3336
8567
7353
9064
3342
2437
4216
5046
7408
1702
9738
3249
4918
802
880
5952
2692
9626
4173
4027
2163
3768
9633
2985
274
2640
9966
8956
2755
3408
3873
7902
4499
2844
9897
5159
2742
503
2901
1301
4130
7195
8957
5213
2107
3498
869
8496
783
37
562
3552
4990
812
4705
5538
1048
5700
1587
9612
4279
6233
3165
3888
8825
7166
349
496
946
1356
291
6686
7364
2463
1633
6039
1321
2797
5743
8771
5803
3293
8688
7074
660
7903
2711
3375
8359
8823
429
81
7598
5656
8030
1395
4027
5345
8807
2609
6187
2148
7745
5933
6318
7844
3683
1585
7081
1985
5618
8980
793
8673
7177
9923
6825
6432
9514
9709
80
254
9552
7471
7232
6470
8905
9805
1372
8833
5414
3231
1028
3980
2386
6324
2223
3229
2231
2331
8347
3217
4289
4536
2609
3739
1810
6563
5789
5293
1989
2248
431
2186
4722
3935
7250
1334
6316
9355
31
6987
817
3613
8959
92
1275
3484
3806
6154
9527
1817
3111
5766
4386
7023
4934
2996
7135
617
8742
3067
9424
2864
3633
8931
4573
4012
1269
977
5736
4532
3787
4015
2870
757
5298
7669
1926
1691
3254
524
1361
2905
4959
1276
3178
5695
7831
6215
258
7264
3551
2494
4974
6904
7611
6560
7485
3720
5709
8772
8771
2727
4792
8608
6858
4186
8836
6679
9861
4267
581
7483
2746
4607
432
4645
985
797
7218
6074
7402
7452
3425
6919
3562
1760
4494
9848
8421
4223
6290
715
8348
6597
74
7130
2138
4007
3639
5733
8985
1139
629
9512
3140
9067
5365
7678
5746
4533
2895
7878
9944
558
2234
272
3832
938
8578
9935
7909
2451
9348
4149
5143
2525
3107
1699
2192
7581
9935
6737
9526
2948
6601
5887
1325
4526
8744
100
3000
4463
6321
7145
4375
1297
8146
5615
7466
1592
5515
1011
9719
694
757
8325
6354
228
6913
8670
758
8259
4202
318
9133
4776
5055
8619
4332
2753
1096
3619
906
4250
6064
990
5735
3066
4041
7516
4838
1603
4935
7173
611
1833
4944
7086
2938
9932
6121
8900
4670
6724
8749
7709
2664
3804
9245
2258
7808
2598
3845
4095
3709
1145
5462
3635
5137
7056
2589
8291
3158
2759
7528
4205
6182
918
913
8620
314
9956
7562
6497
2939
8737
3741
4137
2416
5953
7963
9612
3550
5606
6547
3923
8211
1881
8586
1960
3471
4115
4550
1154
5072
9386
4140
3647
3729
7387
8256
899
9871
2719
7884
3830
1028
951
7890
1203
1906
5111
8749
7084
9797
8401
453
4954
955
4010
1218
4725
2824
807
5216
4361
2163
2705
1123
7430
7110
3188
1
4462
6297
842
9320
9618
4147
2034
6875
9413
4915
8206
5468
1695
1396
3285
6837
1930
9056
7419
290
5587
9905
2814
4120
8680
9492
4703
6459
4184
33
1096
8770
1643
5698
7608
4551
397
4796
7812
8743
6882
6073
3290
3905
666
3803
8835
6351
3605
1348
5253
7317
4306
9667
9736
9030
4915
4004
4555
7580
9651
8771
2246
9101
6588
5110
4997
5195
9041
5990
2209
4299
1625
7601
6461
7090
938
3045
5640
2784
7387
7339
613
7804
8053
5648
7413
515
9061
7176
1025
7179
341
1552
6736
6537
4964
4224
9325
8155
3610
1689
4243
2754
1754
6631
6967
473
1404
968
9077
7652
2975
7519
3012
1773
9540
6877
195
8268
4601
4493
3333
6727
2242
6936
9592
9760
4095
6966
980
7899
9152
3694
1978
8948
6413
8760
1444
1677
9196
3545
6828
5296
9916
82
2078
3508
7849
1483
4321
360
2548
1886
5861
813
994
8201
7338
245
7841
2604
4948
8800
7183
4443
2886
5955
6834
7250
2638
8584
8328
8979
8906
8780
2887
4150
5953
9053
8099
1382
6008
9703
749
7672
5987
2242
7236
2210
3855
7936
3650
3803
3921
526
1659
1424
421
4468
204
1463
4744
4607
2096
2231
5820
6319
5631
9513
3013
3303
867
1182
9641
8385
1772
6654
9840
7053
5263
502
8505
2537
1029
8903
3998
6118
2870
9347
6701
3193
5374
3080
6786
988
9333
5773
3886
186
4179
4710
6088
4883
2244
9332
8536
5422
3672
241
3279
8857
8938
5347
8200
8151
3181
4375
4614
6058
3214
5905
576
9969
415
4803
6556
8629
3065
6627
8560
9060
2045
8206
8698
7148
4287
1958
8630
2634
6341
5738
2776
7152
3704
205
1114
3194
4581
6481
2164
7959
2447
5672
4873
6735
542
1240
8719
524
9564
9159
8650
2494
661
9180
4925
5709
2383
5186
3254
7209
8949
8689
2074
7362
8607
4406
7523
3712
6774
6683
6258
3748
5379
2992
2804
6053
7178
4259
7899
4555
9240
6162
7892
1162
1892
4086
3059
6085
565
3628
2950
7489
2603
7667
756
2188
7686
1139
9588
5016
2068
7361
4926
9084
5443
8998
733
7850
213
5405
5738
3347
3974
1688
1669
8368
5543
1887
8907
6406
8336
5385
434
4376
191
2218
6201
9777
8665
1902
969
7785
5898
1185
5525
7683
4442
4130
3829
3107
1234
4540
2737
619
630
2329
319
7439
4633
861
5478
6337
6509
9181
890
4373
5070
2102
5759
7505
4157
8547
8403
9085
7548
3199
638
2786
5787
7519
7585
8013
2452
8062
1384
3120
7345
112
2761
3466
2604
1733
9219
2705
2907
6915
2726
6541
8053
9062
2522
7899
9750
3651
5915
7037
4178
7915
4798
3117
7435
4011
5406
2046
8161
5561
6337
6534
5466
4858
8883
224
9948
2091
4107
9571
7492
8622
4038
6905
8519
7946
6483
9427
9134
3582
5200
9725
2760
6878
8769
2509
6428
4019
9943
6745
9804
9473
2290
9591
8059
3420
4773
8881
3519
4229
7050
5301
3434
9558
5678
3961
1511
3275
3978
472
2685
405
9464
2277
8089
9559
330
8363
6029
1871
1862
7759
9139
3594
4751
9114
4985
1605
4585
3989
2916
7651
3957
7468
9963
5535
6153
4130
9280
5584
9127
2148
3848
7645
5857
2178
6470
9958
5020
4604
8498
7515
7229
5155
9359
1936
6620
2459
7021
4033
6317
991
3334
7203
2697
8874
7128
7464
7511
2528
9851
2030
5216
2971
844
5302
2685
6339
5485
4667
3678
3760
4198
3885
9766
7268
8795
5350
6302
6014
490
9124
6103
594
4825
4309
4866
5394
6461
7213
2137
278
2988
5118
385
7108
3276
3875
8968
2779
6597
3042
7029
9966
9256
5219
5935
6301
160
1968
6680
5040
1001
8990
6407
8688
8264
1713
6939
176
4999
8067
4740
506
3609
2138
4454
7243
3483
4981
5723
7584
7417
6683
86
359
3092
7042
8543
1795
3613
6992
8199
2146
6079
211
6620
6777
3821
3465
803
797
7823
8994
898
6667
5194
8185
8624
3660
9625
8590
4150
3195
6224
5346
5069
2825
8281
2252
7265
849
7036
9401
8933
9029
4333
9129
3924
1805
3991
7939
6523
7464
2656
3717
2783
2800
3360
9181
2513
4954
1061
5768
3395
2610
7776
6955
2217
5327
5096
5882
6042
2129
2872
4725
1608
1071
3785
7666
5014
4316
8314
7410
999
6265
4243
2582
2096
5212
4142
3538
6109
9610
6836
3014
3921
7229
5057
924
2892
5023
1816
1037
483
8146
7807
1473
9671
3731
3232
2580
6444
862
2730
4278
8838
6027
9868
9657
9516
8946
269
5045
9407
8584
7154
3212
604
679
8625
120
5063
4366
6176
1994
935
824
5632
641
2292
3388
811
285
7381
9047
5188
9057
242
5353
7398
4875
5463
4009
4513
7917
7759
7963
3558
8169
9377
162
2850
7348
6708
6714
7981
8940
1422
489
50
4446
7301
4113
8149
932
6612
7793
1511
8741
3810
439
1513
8270
9288
7351
3571
6168
4313
3276
4540
3839
5108
9340
5294
2881
4629
9372
6822
956
1129
9273
3918
5395
4961
2681
8244
7182
7916
7264
5827
5596
4322
4390
285
4040
9183
637
6035
4885
8105
2882
5444
2332
8361
1846
3968
7804
3045
4448
7070
3577
2042
9784
6880
1688
735
185
4893
5173
5395
6367
8803
3063
6221
1755
7086
9183
8613
6515
3783
3307
5311
2486
2120
2658
370
2666
6690
7038
8988
402
6119
8728
2130
2392
8444
1881
2440
9037
8962
2731
3073
9843
8832
5785
8162
4230
3241
447
5058
7469
7093
3085
924
4550
7804
5261
9788
884
7324
6355
4509
8769
8476
5821
2168
4805
9787
6415
3968
304
3476
9971
8913
5766
5351
9320
2012
4582
4973
5829
7232
3465
4423
3390
9894
2035
8322
4638
5531
5499
9695
5117
8950
7979
8419
9361
6787
1699
1955
6953
4784
5469
3332
4842
5182
7296
1300
7119
501
2500
7122
4556
3066
7685
1461
9337
8727
7425
5327
2032
7620
2228
5764
7736
3842
2016
1218
8255
145
2548
60
1641
7714
4538
7760
1928
4728
2139
1006
6456
3230
1015
8491
6912
5841
3184
8701
8004
496
9768
5451
3193
10
6061
834
2750
5125
8967
6148
8129
5489
1031
1672
3741
4217
1892
6724
192
8283
9523
4981
6706
5686
4608
5001
5280
818
5592
5825
9774
7466
6825
9727
3276
2312
1920
4408
9146
4271
2661
4462
2424
9531
6774
27
4807
8480
2025
6889
7750
1731
9322
8470
3979
7907
1824
2064
3998
5178
8931
5703
4643
7895
2241
63
8987
4814
9666
7815
8376
8557
9848
2883
892
1936
1934
2392
7710
4394
5838
483
7011
4577
6314
5250
6567
4790
1823
8342
9464
3460
3641
6300
1106
6619
8912
3164
7713
1074
2930
3527
8495
8056
6616
3786
8417
4496
3761
4762
5685
2603
4891
8460
1292
1910
6942
9554
4041
3693
3939
3957
5272
2039
6704
7793
3035
1177
8156
2951
1337
6240
8530
3863
2492
7727
2455
646
7346
9090
8413
945
2052
6087
2199
9807
7516
5078
2869
4367
1610
6526
7094
9602
4003
3387
719
3323
6252
4590
2315
1858
9853
6495
3724
5095
3654
1042
1036
3003
8435
3407
6134
1861
6600
6341
7804
8217
5792
4113
580
4933
3659
6019
417
4766
8790
536
8048
477
4381
5651
6172
8144
4263
979
92
3379
4489
7043
3390
9378
6833
5010
4538
8349
4697
3787
3834
6963
3053
4227
4220
3969
6985
9740
4014
4686
3916
2646
8163
3550
8017
4975
9897
3805
8388
9058
9170
8541
3285
4603
5679
3565
6368
8923
6255
9591
3423
5577
4879
3720
8701
3901
8382
962
8198
5096
1627
6167
7445
3683
7084
5609
7384
3534
3549
9250
4486
5034
3526
927
3765
7684
3914
9377
2816
5640
9577
2937
8887
1846
1154
4371
8228
6426
2174
6879
7088
5090
3990
5030
9487
3591
479
3999
4831
9719
9731
4972
1729
3386
970
468
6413
1062
1178
9517
7267
2051
3509
8784
3528
597
8281
902
6278
5864
9895
5321
9248
5833
4676
2843
6047
6858
5903
1441
8348
9971
2418
6393
9703
5845
6194
490
7953
1885
32
4404
3944
1830
3262
6300
8824
7571
4021
4653
6093
2315
9049
7831
3021
1664
3303
9003
1976
4470
100
3036
1525
4525
2423
1754
8841
3808
3231
6686
2369
321
535
426
4768
8631
1071
5401
7883
8577
2701
1729
2351
900
2089
618
3839
7382
2069
6598
4993
7318
3308
1093
5264
8467
1631
6968
3382
2597
1399
4494
2734
6729
3364
6622
8965
8931
6036
1945
9792
6759
3707
1101
8605
8565
4058
9197
7645
7846
9624
3026
782
7168
4783
2096
5959
7655
1
386
3742
8359
1015
2144
8204
982
9968
7237
1730
1364
8213
8124
2952
9780
6949
6828
7621
2788
6944
2062
8766
5315
4019
5555
6186
3774
5997
9595
4223
8497
2799
2528
3077
5721
4212
1130
7423
8361
7650
8465
5092
392
6104
7677
1554
6957
7127
209
6082
6978
1361
7209
9929
8726
7043
5543
4353
2547
394
3308
9507
7045
3204
5368
8348
97
6792
4100
8925
9120
2395
9157
6742
8589
6954
9126
8972
9675
4172
8095
6406
7375
1065
7746
2526
6155
2265
8062
3040
269
8269
1736
5193
7772
595
3961
4446
8612
2052
7153
9239
6371
5606
7129
2141
1418
7995
4444
4538
2415
1452
2490
6608
7511
4979
3899
893
6882
94
5307
4536
3340
7895
374
2112
3466
2401
3090
9150
6829
4421
3198
7096
9639
1002
8769
1592
8747
4187
4337
9312
4872
1576
4221
8616
1265
1513
6999
6782
3603
3357
5764
392
3895
3539
4311
5846
2186
5700
145
8635
7845
1214
7867
8233
4070
9582
1254
6455
6875
1608
4136
7490
7186
8290
9747
300
4382
7803
7442
4457
3319
7890
7463
466
4970
1680
9834
1039
8894
5839
8783
1998
9616
3286
3733
1972
8697
7439
476
6073
1170
293
9325
3331
2096
1577
6837
4898
139
5127
3794
9592
2489
8094
7151
4798
7278
6099
5658
5720
8948
6194
1935
3322
7661
7287
6424
1872
940
4398
5656
9797
5362
5367
8778
1314
7134
5464
5301
1224
1458
3895
4856
7460
9714
2629
2271
2768
4589
5218
6739
2521
9717
2821
478
6116
682
2108
6293
8134
4470
6980
1372
3142
4385
7110
6477
7734
2302
9534
9306
6178
296
5460
5486
272
4873
6651
7958
5155
1554
2815
2376
9896
9855
8835
2982
9352
670
843
6253
3630
6128
1362
2979
9872
3643
3508
9312
6959
1243
7578
4517
4886
7085
2971
485
9260
310
6193
5943
1937
7687
9159
5998
999
4679
9490
8095
6208
7615
1110
4313
711
3538
6060
939
8351
8538
6033
1908
3916
4689
6134
9491
4259
4613
2515
4861
7952
8189
1288
2309
5178
670
5760
4854
8623
5892
272
7961
4201
6296
1159
8904
7384
2429
5909
5280
2200
7432
2487
2263
3014
6764
5281
9661
6732
2715
4579
7018
4631
2926
7648
8072
410
2895
8548
5423
6404
7249
4263
5312
3232
6046
482
4391
2299
2549
733
8169
7959
6596
8973
528
4493
6934
9690
5994
1950
3210
4921
5415
1761
9270
653
982
5491
9638
8883
7494
4191
6190
547
6147
3672
3995
1110
5523
1094
619
2831
4199
4547
5172
1509
1318
7429
1765
8301
1922
5469
7317
2259
2482
7953
8409
3897
6672
8739
7481
9280
45
878
1727
379
8545
6072
8016
4841
1132
8208
9411
2318
8913
6705
822
6597
4984
6647
1517
8926
5297
9553
3373
1463
9769
3992
8742
3289
3
9130
2490
7511
9899
5256
4182
5287
1915
9886
9301
9492
9927
3018
6528
2586
9070
5668
6756
6741
6009
6135
6521
9648
1547
8509
5050
8208
2476
5029
7127
7174
1035
2779
1314
9032
7340
6865
3733
8438
9743
6624
7975
7393
8587
241
9751
2641
3531
4790
5829
6785
1826
6698
8426
1717
7586
9811
4038
1526
5621
643
8701
2671
7395
6618
946
8980
6153
9720
1531
9732
1873
312
8569
1386
4293
4529
1585
6809
9661
443
6186
8981
3861
9371
7061
3941
1429
9393
2820
7882
9596
281
6074
6193
8217
3433
4845
2835
7475
6944
5820
1352
9
3516
7283
5691
3054
3917
4146
2812
5712
355
4049
2709
1120
1559
7778
6854
1791
747
2063
6505
1711
7880
6874
5645
7037
2532
5978
944
7250
8467
3551
4588
7805
6316
4677
5245
37
217
3892
8814
9250
3279
2461
5012
7109
7946
5238
2291
309
3376
3637
3357
3660
7127
6277
8512
2558
725
270
2338
6012
9384
91
4437
2451
6551
2558
8364
2168
3606
1867
4496
1106
6397
5490
7391
4588
8256
5217
1550
5649
8658
3633
3605
9967
197
7940
2366
1247
2958
7979
6760
8512
2203
5864
4299
5845
7456
3937
7278
8980
1365
7617
3704
4018
5690
8825
6151
8589
1433
5315
3582
117
1808
8580
4589
4601
921
8478
6413
1379
4094
9789
4516
2019
7486
6319
7918
7351
9192
9687
7027
5386
4584
9712
8877
5905
6039
5679
1027
2716
2739
1945
680
3055
5241
2598
2759
2177
7626
4671
5450
8641
3217
9156
7612
9800
8203
1792
3091
7273
9491
6662
7341
3710
9360
8900
7321
4881
3075
8748
4186
859
6961
3650
8841
5650
7397
9505
351
9864
3365
9521
6977
6428
2888
300
8206
7895
3535
2445
3299
3490
4581
9164
6062
6242
8639
7483
4070
3886
2176
5613
6777
1820
9959
6516
3392
1254
1839
7725
5144
9903
9867
9450
3112
1635
8745
92
9652
4215
662
331
2897
5892
5416
7554
9728
7247
1195
7046
9874
5633
7948
2901
4868
9636
7398
1875
1748
8056
414
163
9736
799
8929
5495
3165
5939
3517
6981
6890
1625
1097
2769
9800
1966
5946
626
1536
6338
3689
4334
1322
4964
259
1302
268
4224
6102
7492
9265
5522
9118
7462
8669
1709
3247
4853
2585
7616
8595
1538
1616
7934
857
9196
1120
4564
765
4702
3836
363
414
4059
4994
7462
3876
4740
7182
138
1772
6658
5129
6736
3272
9642
8199
3346
5288
3907
8264
4198
9116
4794
3930
7939
7508
5931
604
743
2308
919
7812
1191
3611
4684
8797
9326
4293
7224
8661
3199
7630
3183
1841
2127
2487
4689
1163
2111
8806
7683
7294
2331
7582
7760
7487
2744
3410
5078
7979
8395
2699
7394
7402
4523
5431
1004
33
8521
2275
2691
9212
6279
5544
5999
3531
3904
9411
1160
2436
8830
5811
1443
2896
7128
8784
5594
3238
5723
8977
8897
1774
1790
3717
2993
7374
5245
4064
8720
7670
3748
4287
5185
6366
12
7332
8089
4638
8192
7326
4501
1369
1019
4662
8167
5117
539
4141
8755
7045
3929
1276
5139
798
4329
4861
1545
4714
7189
2321
6496
6761
1995
2549
9249
4424
3129
7048
6332
7738
7203
8274
9214
3726
2695
6402
8225
4239
3835
7375
3517
2294
5606
4791
7330
4463
5769
1217
6691
8387
1898
9334
4898
7539
7954
7927
94
4055
1517
1799
3726
449
7128
7836
3160
4607
9248
5345
6441
187
7471
4136
376
6090
8244
7016
6184
7928
2408
5063
1301
9964
6831
8235
6426
543
4737
5227
1880
2910
5501
3143
3884
7601
4495
3511
781
4340
8605
2106
1991
2285
4877
8338
7912
2155
7963
1984
4196
7425
1219
1056
63
4080
56
7951
2523
3104
1577
5643
8498
280
6309
7867
4861
1806
3629
2282
5324
5445
3634
4820
3782
4228
9796
4252
1017
8913
8267
6492
4459
9027
7351
4056
1071
4385
6553
9027
6541
4
7253
5549
4315
3210
3890
9398
9610
5316
2950
9206
181
4722
6498
7930
9664
8803
6359
1042
7167
7260
2169
5410
3808
1946
6890
2646
195
7224
3321
7283
716
7528
8460
5377
7672
7742
7082
9917
3005
4741
3175
1384
1304
9617
5795
2776
251
3197
193
530
7973
7260
1936
119
1571
1206
6246
1218
2613
1268
5992
6487
6665
6718
7422
5743
6354
3925
1036
8089
9075
1708
8005
8142
3151
642
4325
2573
8160
9300
9300
1797
9514
9493
3756
74
6563
7080
1199
8439
5099
5774
1195
3448
6344
37
483
3330
8024
962
1277
6727
4464
9657
7108
9396
5141
7119
3551
4021
7966
982
9563
5855
1574
6020
4338
1459
220
9779
2575
9125
4250
9879
486
6897
4767
1939
6851
8649
2342
7006
7184
4810
415
9504
2961
6408
890
7381
1812
1023
9628
8042
3847
738
4840
2540
6040
6692
4417
4614
274
6513
6978
1484
7234
8808
4478
9514
9383
5364
9619
9454
8898
3580
155
1753
174
1818
7262
8983
9796
6267
6858
2129
1606
1124
6005
9460
49
5995
5731
629
7460
5517
1796
7131
5237
1390
3306
1353
2617
2460
7945
4509
3791
4199
1228
411
9967
1226
228
6937
3930
3490
293
5312
7389
6408
3925
3013
4707
8191
1799
5067
51
1696
1411
9273
466
1605
4917
132
870
7810
8780
1250
241
8099
9343
2137
4986
7961
9570
8178
6255
2750
688
6481
7274
7032
328
3194
68
6582
7085
4077
8276
1672
8214
6086
8564
1472
7487
8032
9498
372
3214
8106
5543
8680
4337
2166
6667
2126
195
1625
9361
5574
9435
2514
2286
5844
5350
4772
7141
1860
4559
9191
7898
82
7799
2932
3878
6323
7998
8385
7993
5998
6566
3217
3885
9023
7825
7041
3840
7539
4427
4410
2327
7434
4568
2845
1940
857
6661
1270
2441
3416
1515
4454
8655
6950
2481
6081
7793
5579
8947
6931
1216
1743
2257
3087
1886
4889
6058
2271
3325
5286
9353
6765
4654
6162
7832
7876
3289
1632
1366
747
4371
9794
4145
242
1004
6267
2034
1833
6897
6205
743
5392
6628
6469
935
8386
8393
1689
1692
5436
3894
1911
5069
9607
8432
1589
4757
8952
8055
7205
4995
2660
9113
9625
5156
4972
3932
8497
7067
3672
3109
4025
6123
9086
8582
230
7148
8459
8822
8777
1981
6803
8957
5670
7595
7330
5062
1085
212
7292
7597
6139
2412
2715
5235
5836
9702
7431
998
7027
4012
4083
3828
2783
8253
9774
2445
8142
2348
417
271
6495
8410
3581
1339
1231
4814
769
3224
944
9778
7046
6820
6418
2657
4055
1723
6178
3299
3087
4885
3800
5379
4885
7440
725
9611
7520
2372
6767
9501
9645
3116
1011
14
8763
2607
7334
6473
8227
7270
8604
7248
1472
2830
6616
2739
5594
2203
9338
8266
1168
2209
7360
4864
8609
8733
4856
6534
938
6284
7621
4974
7842
2697
4888
6048
3932
1010
4012
4543
1787
6209
8409
1173
3850
1382
7911
9817
5178
4802
1052
695
5174
8736
3041
3838
8049
6478
4091
6847
2548
6383
9801
5722
8693
4927
5787
9001
8063
3034
4397
2405
6883
493
7981
2460
3421
6846
8269
3366
558
6715
7309
1056
4696
5711
1935
5848
7758
6487
826
4780
9665
3860
2666
4473
5434
4245
3941
3770
1618
3278
617
9185
6246
8945
9090
3804
4103
1991
3829
709
3523
2632
2984
9367
8247
5264
5230
5370
4672
3086
4643
3189
8406
1606
8313
3410
4677
8615
6620
9167
3554
7019
2633
628
6798
8751
1819
5036
3573
7477
8428
7005
5438
6553
1740
7759
7071
3223
879
4816
1172
8051
3593
7789
1660
1523
5126
2708
6849
1059
7293
3990
7842
7413
3681
1425
8259
5081
3864
8662
8885
5019
9077
6665
4264
7778
4389
1959
6734
6612
7821
3584
6366
5263
8399
6652
8439
5868
4456
1000
4778
5980
3510
5625
6639
9429
8507
9904
4550
9082
546
520
3540
4717
6229
1908
1625
7684
5432
1420
4026
4024
4215
8186
8242
581
6904
9638
9634
7715
4771
1099
1497
210
1719
5981
51
9722
1212
3582
6526
9645
6290
1492
212
7441
1686
2474
3606
4143
256
7692
9502
7102
6018
9657
4466
9560
9798
7910
468
2482
3294
5076
383
664
3472
2059
9918
8226
3339
3918
3667
8257
4139
3735
3722
3581
9008
3982
8290
1180
2159
9240
6129
9788
4114
2586
754
346
5660
1839
8898
7554
190
7233
6318
4293
8682
1206
8141
1117
2585
3042
8748
8168
5166
8909
508
3602
4297
4631
5998
967
5834
1007
6591
1429
7942
1027
3696
2189
2294
5914
5308
8133
1117
1196
7812
9432
2162
8827
492
7446
4216
9263
6997
8986
3981
144
8513
4973
5284
1509
9721
7922
7505
2598
1319
7029
2041
62
5005
6170
4564
2506
9629
1719
5470
5078
4893
3559
1226
7537
2780
6426
8009
3401
6876
1360
9209
1021
8795
1916
7272
4696
953
516
8195
5159
1787
8636
6187
1612
4978
6647
1733
5661
5578
453
9460
6704
7276
664
5787
8148
3414
2677
555
4031
6082
3541
8083
8375
3726
759
6754
4235
521
6529
4381
1790
3780
4237
7757
6729
7727
6011
1645
3132
2163
938
3736
9723
7454
9423
4390
7557
1167
6449
4219
2611
2322
3782
5772
6208
459
8044
9457
4462
2340
7037
4763
1892
9383
6850
2643
9200
7041
1088
2571
2813
9265
7387
6376
8317
386
2137
7535
7350
6970
1383
1325
3966
6912
3676
3246
2509
2517
132
3299
7477
5535
4032
942
6332
6874
764
6606
7139
6124
8184
6364
3271
5537
292
4377
6685
1302
6735
2584
4416
872
6858
5071
5953
3615
3697
1626
11
9935
6331
560
9021
1464
5704
6452
373
797
5227
2016
5360
2322
9125
5836
4619
8093
8203
5715
4456
6396
5791
9668
6691
2360
38
8480
1718
7691
9711
5161
467
6996
5697
8289
3410
7905
7957
7541
8181
7638
7437
8517
9224
9196
4172
5786
5462
9660
2534
3872
9087
7889
2079
4502
8519
7651
1961
6352
5334
4682
7274
2172
6789
3587
2939
6740
3162
8378
8594
1865
5324
4075
3182
4888
6546
516
8201
4572
7915
1183
7134
8824
3398
9749
8242
656
5070
7586
4780
7839
4967
1100
3252
7985
3771
1721
7343
8097
9290
2104
5448
7416
6200
6896
2211
1077
4953
8609
2652
4601
5729
2361
8581
7900
9647
3116
6143
5936
5802
8649
7921
376
4462
5356
4791
5819
6269
2322
3412
460
5341
3180
6732
2699
4625
8465
4826
3327
3463
4449
9895
5589
5562
5995
6506
2380
4431
4419
9838
8981
9236
8104
4959
285
7505
6349
350
4424
7965
277
4368
4144
7498
760
6483
3582
2558
4233
9198
4970
9001
3377
9357
6907
7375
5287
2743
5216
3514
7602
3014
1909
6797
8395
1261
3696
3037
5645
3231
3592
8970
4595
1602
2431
1371
7642
4563
4597
2402
8915
3463
2291
757
12
5710
6774
2812
646
1719
1026
2042
4772
4390
114
4472
4346
7970
2593
248
2947
104
4138
8593
3583
6966
5637
9959
4865
2859
8189
6708
1245
1918
9820
8532
5769
8358
7143
7570
3649
177
3047
9756
534
4788
2787
9635
8039
3727
1168
2263
5376
5734
6060
3534
293
7098
7158
5157
4324
4507
9042
3944
602
1715
3651
9049
1907
2125
1757
9570
2350
9418
4389
3838
1508
9241
6618
2956
5348
2576
1800
7887
7813
5035
6356
8826
1615
8311
5377
6158
3809
9684
4427
4315
2107
2926
4408
9533
2881
4173
4372
4457
357
5920
9681
7437
4822
3079
8299
6312
5825
2927
482
3811
9034
9883
2316
5982
5811
8724
2485
2964
8149
2900
4309
7799
9549
3912
7718
4740
9257
7556
1407
6993
933
3830
8197
2121
9229
5204
5567
5177
5173
5252
9326
2624
3206
7060
927
4493
2467
8250
4875
721
7678
5838
8884
8757
4847
150
7752
5355
350
7094
6432
9830
6654
8145
120
961
1358
4749
7834
9221
4811
5630
9104
9280
8804
3874
9448
1105
1279
5693
788
6898
4012
5782
8585
5014
3369
6561
7339
8518
6471
1363
767
617
644
5285
4091
7247
3220
2512
5738
3009
3303
94
1265
9198
3264
7589
3338
7659
9286
9825
3549
1393
3258
5557
7742
8398
9267
2624
5711
567
7658
6564
2983
8950
9447
9273
7528
4024
7819
2327
1531
6871
4242
4564
548
7645
4682
8026
9657
1860
6969
7644
9196
4339
3705
9551
2202
7082
7927
198
6869
8385
1978
3965
3250
1091
8408
6493
4215
2188
954
6089
3646
9533
3436
8587
3097
8765
949
6359
5943
9854
9923
1265
1353
5606
3810
3882
1055
2384
260
6526
82
2760
5389
5877
4481
2487
5607
4458
2687
9924
9140
951
587
5423
9884
7103
6831
2347
4624
9859
5182
6252
6395
2467
520
3912
5501
4111
3442
6342
9846
6435
7341
4447
5190
4133
1923
6625
372
239
959
6021
1527
5276
3557
1635
6435
4915
5992
8846
2668
2232
5434
5942
9254
2583
6679
2160
2584
9485
8649
6326
7680
3297
9081
9566
6287
2522
2252
3210
3040
1005
9128
2375
645
8144
5811
8787
2305
9816
9031
2616
4889
9250
4008
1307
7345
4587
4734
8990
2467
4933
2451
5342
9011
6544
2675
7301
3394
9520
9272
9777
4370
9617
2116
2263
5978
7913
6056
5524
7918
3986
156
3684
670
4052
7935
3752
8337
7647
8198
6256
9304
4615
3294
5253
9665
1366
6648
5829
6510
5398
9127
6023
2496
7050
3056
2147
4334
757
1949
4046
1990
9009
5256
7624
6611
3929
4808
9370
8368
8834
1430
6971
2414
3518
4897
9126
7580
4995
6210
4790
6165
7838
8295
5653
9396
8917
2438
5880
3306
3666
9634
5912
3329
444
5667
2436
601
9862
4784
1996
3383
2636
3822
7235
2116
4284
2266
6003
823
6272
6831
560
6541
8575
3370
7188
420
6622
9756
4821
8893
8324
4415
6442
9712
8717
2140
9258
3148
500
5762
4399
1864
8886
5607
4703
6587
6602
4817
3540
8187
3019
2981
4834
7773
2277
9336
4041
3890
7022
9624
4474
4603
1836
6447
2921
5049
3767
6255
9420
6559
977
2402
9049
1946
9474
6791
3127
1929
4436
138
2037
9731
4878
6043
6480
3383
9386
1182
5533
4760
4501
120
8826
4331
9568
5715
945
270
3938
6776
9205
5403
7099
9839
7728
3630
4829
3387
8557
4353
5550
1638
2037
743
6017
8200
1824
5628
1282
4894
9805
2438
1288
9839
6328
5504
3953
4604
8474
1075
9184
9560
1391
534
9144
9358
8532
9905
9284
6351
2509
3875
7845
8489
3196
1826
4160
267
734
6443
9226
3742
4094
2993
3175
1308
5469
193
4651
7998
6713
1600
7348
4877
6067
2503
7513
417
2904
923
8742
3394
4528
7055
6895
8850
1447
1316
2592
869
3197
1101
6920
7854
8734
5126
9132
2958
2323
5678
7725
9397
8780
6414
1624
294
8098
7074
5876
5939
535
2403
5113
9173
7103
5765
4756
7979
3169
3756
3968
4278
9432
8651
5403
3798
6119
3116
104
7026
4735
7512
4427
5888
8972
2026
3766
8819
4649
8026
7248
4834
378
3862
9171
8916
4465
4520
3574
8457
6037
6127
9638
8042
1003
4872
545
7005
5516
9330
2115
7446
8059
2974
7119
1000
5077
2510
8849
6441
8230
2186
5671
2752
5119
282
4951
7311
1481
6920
593
2639
4126
7626
7343
7873
6861
9187
7872
9409
3413
1354
3643
4950
6303
7521
44
3209
9595
6315
8847
354
3046
1955
7716
7681
3346
2610
2102
4742
2369
2153
4401
3383
7415
7441
319
1140
3970
295
834
1874
4787
5082
3862
444
6658
4447
8672
6928
2358
2673
1185
8284
4145
6779
8558
9531
9170
5618
814
2677
8214
8071
726
3319
6621
4211
2153
2755
5642
8458
8613
847
4395
3039
8355
305
7624
525
960
5381
1330
1630
8613
1855
1379
8872
1474
1443
3323
4927
7545
1123
6909
6702
1742
5185
9611
5789
3615
7209
4102
1096
1398
5765
5782
7213
5828
1537
8495
9200
9843
9519
2845
5902
8233
7618
1556
4034
651
2036
1636
1941
7474
3154
2207
8292
2320
4300
8894
2302
529
535
4268
6333
6287
3907
2071
196
3152
1971
2852
1803
6423
921
9436
8045
340
5821
3096
5334
4280
7566
666
7149
3522
4564
5647
6096
746
5103
5301
5872
8723
7234
932
7307
4828
3002
3542
5923
1214
8063
5148
4214
935
6610
9283
8124
5863
4122
4535
8190
7988
8434
7302
451
6521
9498
1529
3057
7004
7895
6789
7993
5443
4410
9902
8999
5996
2713
7365
3144
8421
9380
5829
2033
3969
2070
8535
6004
3356
4596
767
760
6889
6645
8392
6916
1957
8067
5305
6246
5957
6573
8048
778
6659
3509
5905
7280
6799
1666
8489
844
7560
7176
2182
8228
2621
1201
5313
2336
4619
2326
4918
421
396
5156
1522
6915
5161
9401
4671
571
3445
2155
5300
2300
1919
4546
7286
4430
8760
2644
5841
4519
9358
2919
6205
4043
1936
34
3495
1264
9179
3567
6902
1764
7548
7754
3582
1760
2202
3688
5390
969
596
5627
9517
3118
4342
9787
6278
6631
2085
5201
5379
9146
9581
2175
8058
9620
8712
8398
6785
3343
3118
4984
4128
3429
7511
7363
9938
519
8641
8050
3567
5011
3755
1796
2814
295
2646
7731
845
4318
5590
7184
6200
2507
6723
7573
8252
9803
4951
7966
5634
5750
9570
9864
5082
6524
2625
8077
5177
1066
2683
9386
3559
5423
4309
5050
4634
9373
4254
9557
3640
3837
3714
2163
8923
4209
4049
8983
7968
1930
8475
9604
334
9609
2330
2057
5997
450
6620
2148
7012
986
771
7302
836
5769
262
7843
8988
988
122
5776
3511
1883
5805
7972
4564
348
6504
9592
9851
7099
7449
1259
3644
174
2635
2913
7527
6924
6289
3991
4646
3200
7308
5057
7696
3064
3739
7671
4869
2875
9323
8444
4219
7959
3570
7579
6378
1667
9298
4939
5781
8310
9006
3817
4603
3446
7511
5512
6358
2708
1686
8880
8144
3849
7505
510
6795
5186
107
7355
4754
4271
6141
6452
5196
6831
7314
8272
4560
3901
6606
8306
494
7046
2938
8304
9445
2961
632
4853
1248
3659
4194
2515
928
1487
6118
4961
8098
3724
8821
4628
346
6412
1518
7619
2141
2348
8271
6985
4841
2928
2421
9078
7358
4826
109
6601
1658
2565
5895
2737
1041
1749
5544
3860
6873
2144
3097
4283
1103
9115
5074
9478
6583
9754
9747
8536
7794
9096
668
8104
348
1295
184
5699
5367
1810
4237
5377
162
4478
3572
84
7650
8865
5869
2615
1322
8217
9253
1100
3652
3456
134
1069
9389
3764
5510
3614
1319
7200
261
4011
2482
9678
73
4478
1113
1185
9345
5268
1050
7298
4430
6343
9847
9271
4984
1822
2033
545
4571
2545
5458
1713
3308
346
1100
6065
5291
4866
4704
8064
5090
8604
7971
7600
9648
6802
7178
8350
3005
6902
4810
1852
3247
6655
8486
7638
4992
102
5878
4251
2137
3317
5853
9334
3454
5916
3132
7672
2374
2616
3798
3035
673
4252
3642
5481
4859
2498
5670
4646
8507
19
7069
4006
5866
6600
149
7606
1980
9736
7865
8353
953
8101
2948
126
7954
9938
8079
5476
8121
5967
6231
6375
8054
6955
107
8651
5823
8133
187
8589
4634
8733
7285
9823
9327
3983
4918
7224
3213
4894
4178
5838
4831
2310
8515
8828
2353
8039
186
190
2757
7735
6226
7667
5239
5301
8387
8501
3538
7554
8297
6393
5252
4401
8697
6023
2855
146
6271
7013
2611
6114
7221
1608
6011
3707
2640
7015
4058
1447
1585
6262
6451
7518
3845
3139
6431
1510
2694
6655
8093
8692
7461
5907
7853
317
9149
3191
9707
5251
5497
1508
8183
4662
7118
8720
8346
6281
8907
6840
8562
4948
4117
3054
6301
8518
336
8375
9258
8901
8275
8335
7324
7043
103
330
619
8387
3460
367
629
3956
857
8956
9156
8250
9527
4646
3298
2381
2396
5471
547
867
1527
1410
4199
3007
5040
5009
6018
3492
5002
7810
5109
9360
3519
2790
1308
9967
6971
4809
3375
1064
9929
4046
4548
3164
3673
6462
3411
9406
5927
6668
2415
5094
9642
7946
3855
5004
6331
3808
5171
5723
7665
2948
6740
7751
8303
6656
429
23
9243
2820
6816
8581
5059
4335
5064
4961
596
8248
1179
6364
1746
5607
2745
1912
2819
2611
5340
7656
4435
2411
9577
3023
8461
582
9671
4841
2271
3818
8428
2667
6361
7067
3546
651
6542
1854
6663
5043
1060
9556
5406
40
1747
2462
3949
8527
276
4252
417
5793
6424
5108
1905
8381
6000
9812
9947
1648
6653
6426
6133
8815
9518
1048
9431
2893
3465
9601
451
9222
4336
8841
1656
3395
7656
8646
821
8120
232
5716
9505
4995
8718
3794
7974
9667
361
7874
1099
899
5421
2781
4257
8804
5642
6633
1639
5507
5458
78
4442
642
906
4144
4278
595
7450
8716
7912
7615
3527
8142
4491
8581
9713
117
701
835
7949
8970
5784
7386
8891
686
946
6480
9158
542
29
6058
152
3205
4946
1414
5038
1185
5990
3890
1762
1029
3005
4429
3810
6816
7991
867
7554
4121
6331
4883
2407
8014
3754
5319
46
4683
2519
1230
684
9514
2514
8225
683
50
7366
749
3239
8489
4112
34
7402
4308
3711
9384
3251
1007
4461
610
5598
9611
2210
1901
6319
9802
4719
1702
5012
8297
204
4161
6755
2812
2286
8531
3805
827
1595
2468
2387
9942
9382
8372
9855
3568
3184
4507
1625
2610
8699
998
9576
8125
6085
9201
9771
7534
6843
5800
8929
5300
8907
1385
3328
7697
6687
4271
2994
4235
4291
8427
2432
4017
7476
6396
7754
9917
4713
9783
9446
4614
5528
7457
4280
817
4121
2500
1518
8247
458
4217
7765
5770
4389
1859
1481
3928
4328
6237
1459
9249
9428
1045
1088
3617
5396
1760
4223
9415
5479
1825
1481
2917
9916
1791
8670
4247
9713
6144
4
7391
4145
1957
5166
6843
3247
4116
4418
7170
4224
9570
4204
202
4606
1912
2256
173
5223
7054
5619
3982
6336
9796
7660
2399
1043
1124
9824
6877
5042
5083
2831
959
3152
5910
2270
4447
692
8723
1298
6046
5233
6157
8120
4363
1620
5387
8103
3776
1866
5712
673
9420
9760
3806
3613
1493
1017
8439
5318
1973
6441
4723
4222
8703
5854
9176
966
215
4589
5027
1262
5865
6593
1988
1071
1186
5204
7172
1149
8416
3489
4250
2126
1478
5383
6990
3000
2918
1265
2570
3896
3475
676
6006
3769
8563
2262
2727
2372
4959
7465
9056
6803
2317
5025
6545
9013
2372
3653
9722
2493
1553
1668
6731
2595
562
9040
1548
2546
8704
579
8778
8542
891
3203
717
9050
1365
9324
1018
8821
4065
3694
355
5150
6371
9614
7785
242
2314
682
1411
4438
9218
1685
8152
8347
5079
1231
6948
3673
4941
3145
3132
1390
3729
921
5895
1927
9662
7728
6411
5050
3320
4750
6694
1350
9640
2661
5701
3544
1818
7974
7142
4061
1216
2321
6017
3345
8038
8319
8007
6114
5353
757
5819
8422
58
9416
3164
6848
5058
6911
1578
6364
432
8529
6605
1637
8588
8814
6552
6625
1840
7519
3084
8936
9637
6272
5647
5501
3247
3629
762
1632
6510
6047
5647
6114
3029
5597
9488
718
5513
6639
3388
2660
8878
4319
6403
7387
1535
6371
8720
7454
8484
7653
3531
3734
2905
3268
4958
8940
7153
7096
8140
8875
3785
9199
8489
5453
3705
5181
7253
6946
8688
1552
1218
3179
6882
2355
227
6740
9579
9198
4717
3066
617
963
617
7516
4358
4025
2973
6765
6990
2547
2900
8729
1379
2176
9956
7388
9933
4189
2026
6906
1449
8354
8931
3783
138
2344
8977
3387
1223
9236
7369
732
6821
7498
3213
9371
4507
4752
7203
1285
1543
2762
4315
4699
8478
8031
729
2816
3389
7591
158
2940
7660
3211
127
3700
147
1090
6404
5036
7592
6252
2560
6053
119
1986
2481
3122
72
2645
2639
3765
7013
3424
641
6297
9142
4043
8644
7926
6598
4785
7976
4608
7278
3900
4094
3563
6316
2618
2848
2492
7950
4190
2314
2118
5225
8189
6671
1151
4292
3230
6492
4362
5246
288
2287
5567
1170
2585
4137
3168
5035
4546
8157
8669
5183
6251
7031
6729
7605
503
2225
7855
5013
1313
6017
7715
506
7486
8166
2416
1051
8831
9030
3222
8722
4729
2461
1396
1616
1522
8656
7927
981
6149
9012
5162
9860
4695
1381
9076
6028
1135
4042
6183
6657
2385
2023
4246
1692
8255
8413
3035
561
8939
9785
9606
8849
2709
7443
8240
6320
8306
2469
5127
34
4013
4626
5655
893
6322
9575
6483
8297
9724
8811
1293
9746
8672
6094
8766
4672
2587
6715
2524
9899
6354
7261
1677
7386
8809
8874
838
3287
2818
6457
3156
9058
9154
2692
3600
8771
5014
5779
6832
9460
3530
4942
2877
5171
5772
3311
6738
9811
2991
6661
9512
3421
2266
2761
9594
3784
4034
1922
1480
6770
1624
1135
6721
6319
3829
4480
5168
517
9303
4438
6386
413
8060
9132
5617
2337
96
2114
6133
6119
8249
5678
2625
3852
4636
1664
4028
6414
9496
2979
9640
4521
1268
7760
5757
4643
4162
3886
4779
6991
9433
5738
3304
33
5393
877
665
7110
8219
425
418
5170
9711
9535
8288
6177
6511
6657
1444
8163
9909
9012
9372
2699
1657
7152
7836
9124
2458
9770
1549
4988
3813
7010
1892
6402
6032
9084
3124
3635
4571
3026
5264
2396
2703
1950
7043
5675
9633
2590
6864
9005
6767
1275
2248
8550
5670
8196
8096
9211
5355
5137
7357
1261
6302
351
390
9620
7329
2719
3948
6242
3059
9851
2269
9068
7513
6173
4879
7771
4240
2491
2110
906
8560
5169
1257
5999
5141
4596
3487
892
8143
9967
9575
1237
5526
8251
703
6075
799
8214
5105
4327
491
1791
483
1356
9143
3863
2787
5748
8287
9753
5627
2982
8772
4689
9306
1747
4762
1419
5902
9712
4756
1508
3026
3178
6260
9883
608
5599
9797
497
6177
5823
4593
1507
4105
5577
8522
6798
9719
5854
2490
1594
1219
1861
6717
6755
8551
1841
4589
6856
9354
3559
1299
6030
763
4362
4731
9796
5239
9916
8922
6113
9931
6291
8104
6993
9463
2966
7277
8748
9816
373
4189
191
732
5007
9840
7217
8591
8955
8773
4445
1403
6369
3696
5964
7769
5372
9149
773
5785
1034
6780
6156
3457
7366
8299
3053
1914
5352
5751
5660
3223
2819
4804
8369
8486
3746
4491
6552
1487
2450
628
4407
5212
9786
2079
7325
7524
4973
4356
9779
3027
8718
1950
1510
1834
2964
1648
8533
201
2451
1860
198
9308
8055
9414
7424
153
8472
3864
1059
9014
4006
8166
4486
5278
9459
5079
267
1192
8918
2008
7378
9676
7443
7063
7168
7
7080
786
4673
9384
7197
3876
3481
3042
4150
5816
7861
8456
3571
79
9846
4212
5591
7869
3360
7774
5421
6501
7585
4823
9591
2695
9316
1766
8812
7712
6405
5587
8476
9854
827
9838
9330
2382
7144
5380
5121
4952
2012
4396
1180
7140
1704
367
8378
4229
8700
5190
2213
9272
372
4800
7414
2582
751
6807
5440
8992
8919
8495
6829
739
5594
4242
7182
1524
353
5910
8640
8693
3197
1992
2960
2564
7923
7851
7734
9778
7188
3277
4998
6899
1690
3199
7168
200
7173
4461
87
4015
6475
1207
7378
4476
1205
7802
9535
2363
1829
1772
2659
6284
7220
1956
2700
1728
8728
8549
378
500
4083
3307
52
5643
2174
7766
7948
4761
6510
2016
5509
3402
7478
4969
5659
3096
8902
7095
2214
5312
3952
9727
2809
3155
3229
8599
8351
770
6536
9691
7133
7821
8936
1987
4077
4445
6227
3181
8374
9871
9264
957
5987
6663
5263
7572
4453
5332
1677
671
8158
6157
9529
5075
7217
71
2025
1778
1604
5970
9709
4527
2272
3957
7896
3194
1308
963
2215
2633
2015
6477
4544
4292
8107
7190
7172
9852
492
2346
2030
3467
6354
796
6915
3605
7863
3979
2078
1108
693
3232
3361
1549
5160
1817
4555
6084
2888
8398
4328
828
4150
1401
846
3119
4268
548
9935
1744
3819
5602
3547
2211
3190
8245
8309
8705
2419
6524
4819
1182
1488
328
8352
1323
5112
557
1159
2444
9312
5846
6902
6802
951
5863
663
5519
2017
2235
8828
360
5671
8122
3907
5092
9843
4471
1639
3854
8844
2092
4245
5093
887
8132
2842
798
18
2217
8452
7435
6902
587
6230
3622
1616
4425
8121
4964
5096
5043
1510
9869
1572
4343
4372
7005
2864
7034
6371
3643
2614
3112
3078
2667
9233
6263
7403
266
64
1373
9522
741
7018
4100
1649
5600
6693
3585
6425
3294
2277
6296
6721
3265
731
3769
5716
1188
3960
1738
2014
4271
9536
7796
5080
9404
9342
3249
3868
627
6367
1302
3501
4977
1284
5680
9466
7388
3758
6447
1425
7957
7353
7074
1792
3753
5395
3317
9485
5645
9051
1500
3233
921
5347
9506
338
5345
7532
5218
5617
3885
2008
2990
1609
2027
3037
2395
4816
9388
7612
27
584
8869
5034
4203
2053
6964
114
12
4115
7497
8702
1734
9170
5985
254
2922
9191
5804
6092
8981
6732
7133
2623
5818
316
80
607
4275
6383
2790
4287
4244
1230
8049
9970
541
8125
9224
178
8363
817
388
3419
6214
3260
8446
4522
7430
3485
1805
3112
2841
6664
3974
7583
5718
5013
4083
6480
8529
8462
8781
9063
2931
6224
9882
5281
5679
4512
4224
4542
3426
257
8828
9612
3536
5115
2063
4683
5024
2545
3496
1295
2329
2750
1349
5741
3716
6723
9403
8776
5952
4761
5259
6164
6491
9763
9803
4183
4601
6716
6455
6386
505
3582
3651
788
254
795
1783
9808
6802
8610
4774
9836
3809
8698
7268
1282
5680
1127
1017
9253
8669
2570
3197
8695
930
2641
4702
46
846
8735
5822
4273
6667
9375
1945
8911
2210
5995
8605
5040
3285
4034
5953
4018
6622
2276
8173
8664
7400
2376
8723
7068
2938
778
8923
6017
6422
8965
3212
5709
8355
5571
687
5364
3943
226
1834
2549
2398
5836
8456
5065
1067
9499
4624
6644
1172
6116
5747
9649
5488
1489
6925
9038
4301
7969
7404
7854
2078
3862
2988
2496
6783
3971
7191
228
4657
2780
3201
1679
8625
6494
4665
2324
7600
1568
8129
8689
8553
3888
8982
6479
3957
4847
7553
4952
7137
4732
5197
6543
477
5224
3486
3973
8548
5908
5375
9389
876
9909
7519
4817
9508
9647
3032
4703
4853
5572
9034
7262
9363
8635
2384
9536
4498
2251
6483
9120
813
7473
4766
7346
5240
1540
7261
7133
155
9265
7646
7323
9320
9432
1267
9242
2517
8619
4197
791
9596
7061
4526
1552
8580
6298
6972
6255
6374
6051
3100
