6000
1 2
1 3
1 4
4 5
4 6
2 7
4 8
5 9
7 10
2 11
9 12
8 13
1 14
12 15
9 16
7 17
12 18
1 19
6 20
17 21
18 22
9 23
3 24
22 25
8 26
19 27
27 28
28 29
17 30
26 31
13 32
27 33
22 34
1 35
25 36
4 37
9 38
35 39
23 40
3 41
6 42
40 43
35 44
24 45
15 46
2 47
14 48
21 49
24 50
21 51
3 52
51 53
8 54
27 55
52 56
10 57
15 58
1 59
37 60
2 61
24 62
22 63
33 64
8 65
2 66
54 67
3 68
6 69
17 70
8 71
25 72
64 73
63 74
20 75
15 76
52 77
68 78
63 79
4 80
71 81
8 82
33 83
12 84
15 85
19 86
53 87
22 88
44 89
16 90
20 91
76 92
65 93
48 94
69 95
95 96
29 97
3 98
21 99
94 100
40 101
77 102
17 103
88 104
3 105
93 106
98 107
55 108
39 109
72 110
53 111
47 112
37 113
39 114
81 115
37 116
58 117
106 118
74 119
28 120
60 121
60 122
12 123
37 124
94 125
98 126
12 127
109 128
52 129
115 130
98 131
36 132
17 133
111 134
116 135
7 136
6 137
8 138
24 139
76 140
125 141
32 142
50 143
40 144
126 145
104 146
78 147
25 148
85 149
125 150
66 151
27 152
6 153
16 154
82 155
114 156
74 157
75 158
20 159
152 160
36 161
103 162
143 163
125 164
105 165
122 166
69 167
160 168
77 169
120 170
35 171
142 172
143 173
154 174
171 175
169 176
60 177
111 178
110 179
66 180
17 181
28 182
12 183
69 184
5 185
166 186
78 187
152 188
170 189
36 190
66 191
121 192
182 193
12 194
114 195
24 196
181 197
172 198
52 199
127 200
130 201
105 202
133 203
19 204
188 205
194 206
185 207
15 208
185 209
40 210
59 211
161 212
125 213
112 214
170 215
133 216
37 217
190 218
64 219
43 220
184 221
75 222
84 223
80 224
198 225
20 226
7 227
92 228
120 229
65 230
77 231
19 232
11 233
155 234
207 235
163 236
164 237
214 238
7 239
79 240
132 241
166 242
45 243
150 244
128 245
72 246
129 247
217 248
127 249
186 250
61 251
100 252
170 253
124 254
51 255
194 256
170 257
171 258
237 259
227 260
7 261
106 262
170 263
82 264
89 265
63 266
171 267
132 268
70 269
212 270
105 271
221 272
53 273
75 274
138 275
105 276
47 277
219 278
36 279
133 280
52 281
173 282
149 283
226 284
179 285
161 286
16 287
173 288
174 289
60 290
137 291
124 292
94 293
233 294
31 295
96 296
80 297
219 298
233 299
202 300
241 301
188 302
267 303
256 304
279 305
157 306
176 307
95 308
125 309
38 310
49 311
269 312
93 313
31 314
101 315
85 316
102 317
316 318
315 319
185 320
68 321
70 322
54 323
208 324
193 325
297 326
280 327
159 328
24 329
216 330
15 331
234 332
32 333
147 334
184 335
316 336
133 337
224 338
21 339
271 340
99 341
295 342
17 343
248 344
286 345
147 346
224 347
334 348
177 349
196 350
173 351
81 352
347 353
126 354
232 355
293 356
320 357
110 358
181 359
30 360
114 361
134 362
7 363
256 364
131 365
345 366
358 367
348 368
137 369
211 370
106 371
369 372
101 373
87 374
200 375
274 376
329 377
254 378
290 379
120 380
143 381
99 382
171 383
353 384
230 385
207 386
218 387
273 388
66 389
171 390
15 391
48 392
124 393
314 394
31 395
168 396
327 397
118 398
264 399
112 400
69 401
50 402
314 403
285 404
281 405
34 406
233 407
176 408
73 409
285 410
269 411
187 412
70 413
253 414
153 415
126 416
107 417
167 418
125 419
233 420
190 421
42 422
221 423
238 424
342 425
325 426
107 427
91 428
58 429
130 430
178 431
180 432
77 433
53 434
366 435
3 436
93 437
402 438
309 439
104 440
210 441
311 442
245 443
297 444
106 445
181 446
35 447
438 448
188 449
204 450
249 451
173 452
219 453
381 454
82 455
315 456
236 457
219 458
341 459
4 460
184 461
100 462
342 463
83 464
187 465
215 466
466 467
337 468
339 469
458 470
243 471
283 472
184 473
188 474
198 475
275 476
101 477
174 478
458 479
462 480
176 481
262 482
177 483
17 484
464 485
195 486
454 487
186 488
221 489
415 490
176 491
331 492
205 493
144 494
411 495
13 496
477 497
195 498
496 499
87 500
233 501
24 502
343 503
204 504
406 505
129 506
318 507
271 508
86 509
508 510
316 511
473 512
288 513
348 514
353 515
511 516
359 517
259 518
114 519
24 520
369 521
163 522
285 523
489 524
139 525
251 526
241 527
345 528
451 529
202 530
223 531
19 532
262 533
389 534
419 535
33 536
267 537
487 538
41 539
25 540
74 541
65 542
514 543
183 544
383 545
460 546
2 547
485 548
63 549
469 550
130 551
224 552
338 553
375 554
275 555
246 556
110 557
528 558
412 559
436 560
369 561
470 562
99 563
416 564
497 565
342 566
208 567
214 568
381 569
87 570
378 571
143 572
32 573
357 574
173 575
71 576
256 577
286 578
61 579
33 580
178 581
385 582
98 583
320 584
7 585
148 586
5 587
175 588
502 589
127 590
180 591
591 592
271 593
432 594
517 595
515 596
582 597
47 598
276 599
239 600
559 601
290 602
580 603
179 604
112 605
80 606
170 607
36 608
251 609
311 610
278 611
509 612
371 613
157 614
405 615
123 616
128 617
168 618
82 619
520 620
18 621
80 622
46 623
232 624
56 625
482 626
198 627
375 628
133 629
522 630
441 631
583 632
494 633
335 634
31 635
82 636
323 637
270 638
56 639
351 640
445 641
170 642
119 643
94 644
314 645
196 646
533 647
358 648
148 649
477 650
386 651
132 652
141 653
469 654
10 655
463 656
656 657
58 658
277 659
214 660
172 661
120 662
45 663
36 664
481 665
69 666
372 667
240 668
130 669
264 670
492 671
71 672
63 673
35 674
118 675
156 676
339 677
190 678
383 679
51 680
639 681
331 682
103 683
13 684
155 685
193 686
349 687
151 688
551 689
470 690
494 691
215 692
82 693
63 694
117 695
650 696
178 697
385 698
666 699
664 700
376 701
551 702
598 703
227 704
269 705
475 706
302 707
229 708
516 709
401 710
112 711
245 712
560 713
329 714
501 715
391 716
24 717
564 718
621 719
639 720
37 721
564 722
374 723
257 724
367 725
706 726
529 727
561 728
630 729
139 730
446 731
544 732
22 733
39 734
42 735
441 736
355 737
488 738
126 739
82 740
47 741
235 742
470 743
582 744
657 745
238 746
363 747
659 748
502 749
637 750
232 751
357 752
233 753
555 754
26 755
301 756
631 757
2 758
147 759
627 760
637 761
315 762
118 763
308 764
629 765
203 766
530 767
624 768
617 769
483 770
183 771
221 772
471 773
218 774
522 775
201 776
303 777
587 778
141 779
445 780
283 781
489 782
331 783
715 784
60 785
603 786
707 787
78 788
532 789
39 790
37 791
242 792
743 793
183 794
107 795
388 796
208 797
583 798
407 799
649 800
325 801
614 802
647 803
127 804
724 805
342 806
424 807
292 808
332 809
271 810
657 811
480 812
135 813
570 814
422 815
289 816
798 817
596 818
308 819
625 820
467 821
721 822
523 823
730 824
373 825
610 826
285 827
20 828
745 829
399 830
606 831
628 832
20 833
7 834
336 835
347 836
415 837
431 838
707 839
611 840
220 841
514 842
283 843
711 844
706 845
672 846
815 847
526 848
790 849
46 850
718 851
410 852
500 853
280 854
432 855
663 856
779 857
289 858
82 859
308 860
140 861
453 862
383 863
70 864
508 865
714 866
380 867
135 868
730 869
41 870
724 871
72 872
322 873
387 874
496 875
238 876
672 877
572 878
794 879
596 880
83 881
29 882
646 883
138 884
241 885
355 886
198 887
492 888
872 889
68 890
239 891
871 892
212 893
639 894
176 895
789 896
193 897
68 898
634 899
799 900
88 901
240 902
271 903
502 904
635 905
24 906
233 907
616 908
684 909
746 910
177 911
144 912
371 913
123 914
68 915
895 916
505 917
434 918
599 919
572 920
46 921
742 922
246 923
376 924
415 925
487 926
177 927
201 928
156 929
400 930
59 931
540 932
558 933
682 934
404 935
804 936
858 937
764 938
431 939
874 940
174 941
594 942
609 943
601 944
399 945
808 946
346 947
251 948
667 949
339 950
372 951
376 952
358 953
432 954
607 955
730 956
275 957
559 958
691 959
834 960
898 961
172 962
937 963
548 964
693 965
547 966
300 967
613 968
868 969
244 970
777 971
89 972
278 973
149 974
490 975
94 976
883 977
654 978
826 979
94 980
126 981
215 982
205 983
283 984
545 985
179 986
270 987
272 988
114 989
45 990
293 991
652 992
526 993
81 994
506 995
18 996
572 997
416 998
846 999
727 1000
422 1001
761 1002
467 1003
432 1004
131 1005
892 1006
322 1007
98 1008
910 1009
884 1010
272 1011
147 1012
629 1013
859 1014
377 1015
283 1016
195 1017
339 1018
221 1019
713 1020
298 1021
536 1022
994 1023
703 1024
235 1025
752 1026
289 1027
411 1028
920 1029
92 1030
733 1031
632 1032
642 1033
945 1034
77 1035
307 1036
61 1037
329 1038
717 1039
774 1040
902 1041
937 1042
403 1043
217 1044
896 1045
160 1046
770 1047
708 1048
644 1049
136 1050
813 1051
528 1052
963 1053
745 1054
262 1055
105 1056
226 1057
10 1058
485 1059
930 1060
296 1061
161 1062
476 1063
1005 1064
179 1065
405 1066
105 1067
770 1068
21 1069
801 1070
381 1071
690 1072
591 1073
1021 1074
1 1075
702 1076
859 1077
927 1078
342 1079
724 1080
56 1081
549 1082
460 1083
749 1084
67 1085
1060 1086
354 1087
1071 1088
786 1089
126 1090
426 1091
579 1092
364 1093
534 1094
588 1095
24 1096
463 1097
361 1098
402 1099
952 1100
294 1101
338 1102
465 1103
715 1104
598 1105
844 1106
551 1107
544 1108
995 1109
252 1110
251 1111
977 1112
678 1113
804 1114
821 1115
489 1116
839 1117
749 1118
421 1119
343 1120
845 1121
641 1122
837 1123
884 1124
968 1125
915 1126
615 1127
125 1128
783 1129
1040 1130
707 1131
347 1132
244 1133
693 1134
24 1135
435 1136
805 1137
101 1138
528 1139
604 1140
492 1141
332 1142
5 1143
534 1144
1002 1145
313 1146
579 1147
702 1148
239 1149
456 1150
858 1151
290 1152
97 1153
915 1154
702 1155
428 1156
13 1157
229 1158
288 1159
739 1160
926 1161
315 1162
524 1163
777 1164
535 1165
1097 1166
290 1167
516 1168
563 1169
639 1170
1054 1171
119 1172
829 1173
365 1174
711 1175
580 1176
1176 1177
71 1178
1163 1179
396 1180
1145 1181
478 1182
781 1183
246 1184
695 1185
911 1186
1103 1187
387 1188
96 1189
395 1190
251 1191
441 1192
1092 1193
93 1194
1190 1195
799 1196
720 1197
196 1198
765 1199
1045 1200
91 1201
178 1202
944 1203
442 1204
827 1205
757 1206
148 1207
480 1208
536 1209
373 1210
1154 1211
995 1212
140 1213
332 1214
903 1215
430 1216
835 1217
185 1218
691 1219
140 1220
171 1221
780 1222
1213 1223
1153 1224
120 1225
1038 1226
402 1227
252 1228
822 1229
831 1230
12 1231
665 1232
777 1233
184 1234
1093 1235
762 1236
524 1237
1009 1238
52 1239
481 1240
1002 1241
527 1242
591 1243
119 1244
1060 1245
63 1246
518 1247
934 1248
1020 1249
867 1250
493 1251
500 1252
561 1253
1106 1254
1214 1255
1225 1256
1208 1257
767 1258
652 1259
415 1260
170 1261
1178 1262
1211 1263
391 1264
544 1265
590 1266
296 1267
325 1268
956 1269
701 1270
44 1271
261 1272
675 1273
348 1274
533 1275
638 1276
1119 1277
1 1278
463 1279
612 1280
121 1281
318 1282
924 1283
23 1284
618 1285
359 1286
869 1287
280 1288
958 1289
520 1290
806 1291
190 1292
1112 1293
1189 1294
1155 1295
354 1296
1168 1297
376 1298
568 1299
303 1300
888 1301
530 1302
16 1303
896 1304
251 1305
959 1306
495 1307
645 1308
931 1309
708 1310
47 1311
506 1312
973 1313
850 1314
663 1315
62 1316
553 1317
145 1318
1139 1319
764 1320
1075 1321
1142 1322
176 1323
1119 1324
1297 1325
1068 1326
1167 1327
273 1328
922 1329
105 1330
1096 1331
241 1332
297 1333
805 1334
950 1335
666 1336
799 1337
409 1338
1230 1339
249 1340
1340 1341
1272 1342
651 1343
222 1344
300 1345
611 1346
1306 1347
327 1348
389 1349
874 1350
190 1351
817 1352
527 1353
985 1354
1165 1355
1076 1356
881 1357
953 1358
832 1359
26 1360
227 1361
1124 1362
1175 1363
475 1364
1121 1365
806 1366
1284 1367
926 1368
984 1369
578 1370
1324 1371
920 1372
179 1373
112 1374
797 1375
139 1376
208 1377
502 1378
1130 1379
603 1380
1212 1381
1241 1382
1106 1383
236 1384
562 1385
1341 1386
1203 1387
33 1388
101 1389
74 1390
825 1391
1098 1392
206 1393
393 1394
475 1395
601 1396
1249 1397
1178 1398
138 1399
424 1400
1284 1401
832 1402
270 1403
720 1404
891 1405
562 1406
8 1407
767 1408
177 1409
70 1410
211 1411
404 1412
63 1413
1284 1414
882 1415
920 1416
1029 1417
901 1418
1115 1419
663 1420
77 1421
1110 1422
1197 1423
622 1424
828 1425
346 1426
235 1427
1251 1428
1342 1429
379 1430
611 1431
799 1432
949 1433
18 1434
456 1435
749 1436
1117 1437
876 1438
832 1439
162 1440
1241 1441
200 1442
434 1443
559 1444
85 1445
734 1446
177 1447
1298 1448
1412 1449
1034 1450
200 1451
673 1452
987 1453
1312 1454
127 1455
656 1456
1155 1457
182 1458
1182 1459
190 1460
232 1461
1425 1462
980 1463
1094 1464
908 1465
1292 1466
1028 1467
647 1468
602 1469
1126 1470
868 1471
1298 1472
1420 1473
321 1474
1364 1475
724 1476
1317 1477
796 1478
894 1479
364 1480
1319 1481
1387 1482
673 1483
825 1484
805 1485
884 1486
277 1487
365 1488
209 1489
54 1490
229 1491
72 1492
791 1493
1406 1494
566 1495
78 1496
371 1497
164 1498
1142 1499
657 1500
479 1501
1459 1502
465 1503
304 1504
1197 1505
873 1506
339 1507
973 1508
1259 1509
346 1510
290 1511
1243 1512
1413 1513
1033 1514
832 1515
1023 1516
496 1517
861 1518
150 1519
1269 1520
1459 1521
402 1522
1179 1523
734 1524
1307 1525
60 1526
1204 1527
1414 1528
1025 1529
807 1530
748 1531
1135 1532
570 1533
974 1534
97 1535
317 1536
391 1537
952 1538
466 1539
582 1540
198 1541
1132 1542
540 1543
290 1544
1442 1545
305 1546
1369 1547
223 1548
1347 1549
1334 1550
1076 1551
612 1552
187 1553
702 1554
713 1555
508 1556
181 1557
830 1558
528 1559
322 1560
1170 1561
142 1562
396 1563
910 1564
206 1565
1459 1566
541 1567
104 1568
814 1569
567 1570
891 1571
409 1572
503 1573
935 1574
834 1575
851 1576
181 1577
1505 1578
1041 1579
1487 1580
1123 1581
947 1582
785 1583
960 1584
443 1585
1324 1586
1438 1587
480 1588
520 1589
883 1590
297 1591
1020 1592
118 1593
854 1594
654 1595
252 1596
607 1597
426 1598
479 1599
944 1600
211 1601
1464 1602
1214 1603
1416 1604
400 1605
405 1606
701 1607
422 1608
943 1609
416 1610
1352 1611
1390 1612
426 1613
33 1614
892 1615
1353 1616
758 1617
1082 1618
252 1619
294 1620
1049 1621
499 1622
1327 1623
1354 1624
1534 1625
425 1626
637 1627
781 1628
821 1629
835 1630
1143 1631
1365 1632
269 1633
605 1634
1607 1635
1627 1636
29 1637
1283 1638
402 1639
109 1640
533 1641
809 1642
641 1643
713 1644
1166 1645
1285 1646
689 1647
32 1648
1366 1649
1256 1650
1255 1651
1513 1652
1301 1653
162 1654
1632 1655
944 1656
1432 1657
1222 1658
176 1659
681 1660
1566 1661
1338 1662
614 1663
513 1664
484 1665
540 1666
300 1667
478 1668
1075 1669
110 1670
110 1671
1113 1672
908 1673
501 1674
716 1675
541 1676
1044 1677
262 1678
1140 1679
305 1680
77 1681
975 1682
576 1683
289 1684
997 1685
270 1686
176 1687
1084 1688
899 1689
766 1690
1515 1691
1312 1692
813 1693
371 1694
1510 1695
486 1696
1140 1697
1259 1698
340 1699
85 1700
91 1701
658 1702
1403 1703
1384 1704
586 1705
1109 1706
1089 1707
927 1708
836 1709
1255 1710
1500 1711
504 1712
1191 1713
1557 1714
1527 1715
189 1716
456 1717
850 1718
723 1719
265 1720
1697 1721
1164 1722
773 1723
1353 1724
65 1725
383 1726
1481 1727
1460 1728
1048 1729
954 1730
1132 1731
929 1732
1634 1733
19 1734
738 1735
1559 1736
425 1737
498 1738
1035 1739
490 1740
1459 1741
1195 1742
22 1743
1061 1744
829 1745
684 1746
771 1747
67 1748
96 1749
351 1750
543 1751
1614 1752
916 1753
519 1754
868 1755
944 1756
491 1757
1113 1758
1442 1759
415 1760
621 1761
1707 1762
1581 1763
563 1764
1294 1765
1429 1766
298 1767
1142 1768
994 1769
1031 1770
262 1771
909 1772
850 1773
1410 1774
1335 1775
1643 1776
377 1777
466 1778
1758 1779
1481 1780
828 1781
219 1782
873 1783
363 1784
968 1785
1347 1786
1631 1787
1326 1788
434 1789
1706 1790
1082 1791
574 1792
1775 1793
774 1794
623 1795
410 1796
792 1797
130 1798
1087 1799
1410 1800
672 1801
121 1802
644 1803
1674 1804
1129 1805
511 1806
1221 1807
252 1808
1501 1809
1269 1810
418 1811
72 1812
1327 1813
1682 1814
153 1815
1323 1816
751 1817
1716 1818
281 1819
1013 1820
1007 1821
1216 1822
868 1823
82 1824
1074 1825
1274 1826
1470 1827
1655 1828
1350 1829
1318 1830
1351 1831
1129 1832
635 1833
1189 1834
1694 1835
1529 1836
1825 1837
1094 1838
563 1839
634 1840
1272 1841
1045 1842
127 1843
839 1844
315 1845
830 1846
1307 1847
617 1848
1443 1849
1299 1850
566 1851
433 1852
216 1853
369 1854
641 1855
848 1856
831 1857
759 1858
596 1859
611 1860
803 1861
577 1862
1211 1863
1266 1864
1750 1865
93 1866
812 1867
1111 1868
274 1869
914 1870
1609 1871
212 1872
932 1873
1633 1874
1277 1875
1711 1876
1593 1877
1230 1878
1183 1879
22 1880
1614 1881
517 1882
362 1883
991 1884
1247 1885
87 1886
1770 1887
1268 1888
601 1889
838 1890
51 1891
901 1892
508 1893
1632 1894
1590 1895
1592 1896
271 1897
1200 1898
955 1899
1408 1900
864 1901
1291 1902
185 1903
69 1904
395 1905
953 1906
1369 1907
1824 1908
1799 1909
1092 1910
686 1911
1085 1912
1327 1913
1491 1914
499 1915
1265 1916
687 1917
591 1918
1671 1919
82 1920
608 1921
410 1922
316 1923
1664 1924
859 1925
1718 1926
1121 1927
254 1928
699 1929
808 1930
1501 1931
222 1932
1132 1933
874 1934
947 1935
1120 1936
775 1937
108 1938
257 1939
1828 1940
143 1941
781 1942
1853 1943
1669 1944
1866 1945
1418 1946
1099 1947
682 1948
1275 1949
1938 1950
1915 1951
1063 1952
635 1953
804 1954
1936 1955
1692 1956
1720 1957
1452 1958
1923 1959
1670 1960
500 1961
1093 1962
1089 1963
919 1964
1377 1965
436 1966
1373 1967
801 1968
159 1969
1643 1970
24 1971
49 1972
894 1973
166 1974
1910 1975
586 1976
1237 1977
244 1978
65 1979
201 1980
688 1981
1467 1982
288 1983
128 1984
1976 1985
1819 1986
42 1987
1633 1988
584 1989
1604 1990
452 1991
100 1992
923 1993
943 1994
1638 1995
1817 1996
1809 1997
61 1998
468 1999
1033 2000
834 2001
186 2002
66 2003
1361 2004
1260 2005
138 2006
819 2007
428 2008
1592 2009
575 2010
648 2011
227 2012
443 2013
1772 2014
636 2015
1578 2016
455 2017
1193 2018
1782 2019
1050 2020
1158 2021
1442 2022
1388 2023
105 2024
1133 2025
1047 2026
1715 2027
613 2028
170 2029
1112 2030
645 2031
1066 2032
1400 2033
418 2034
993 2035
881 2036
1684 2037
1581 2038
1027 2039
207 2040
1288 2041
550 2042
1085 2043
1889 2044
2 2045
1051 2046
570 2047
1773 2048
500 2049
723 2050
1681 2051
67 2052
1710 2053
304 2054
391 2055
1602 2056
269 2057
1788 2058
1112 2059
1139 2060
970 2061
1279 2062
411 2063
1463 2064
1991 2065
1441 2066
807 2067
1288 2068
1423 2069
1438 2070
1994 2071
1943 2072
2023 2073
81 2074
1264 2075
236 2076
1327 2077
1906 2078
938 2079
2046 2080
143 2081
18 2082
96 2083
457 2084
1705 2085
455 2086
38 2087
413 2088
1236 2089
1572 2090
911 2091
132 2092
243 2093
1357 2094
1773 2095
1707 2096
1857 2097
670 2098
1088 2099
276 2100
1801 2101
2068 2102
230 2103
1487 2104
556 2105
586 2106
1785 2107
1780 2108
983 2109
1105 2110
1573 2111
352 2112
1975 2113
1493 2114
1644 2115
409 2116
818 2117
1160 2118
59 2119
2102 2120
1392 2121
1217 2122
1382 2123
1613 2124
1041 2125
1518 2126
749 2127
1071 2128
1302 2129
1651 2130
1081 2131
598 2132
1573 2133
1681 2134
1518 2135
1733 2136
1641 2137
1024 2138
930 2139
1244 2140
201 2141
1056 2142
1247 2143
1137 2144
1620 2145
1230 2146
383 2147
974 2148
3 2149
2021 2150
455 2151
855 2152
1560 2153
476 2154
1744 2155
1306 2156
2062 2157
1152 2158
504 2159
1354 2160
741 2161
1388 2162
1438 2163
960 2164
384 2165
1854 2166
2121 2167
666 2168
682 2169
595 2170
863 2171
1493 2172
2005 2173
1577 2174
802 2175
882 2176
623 2177
1115 2178
1762 2179
1532 2180
942 2181
1839 2182
835 2183
190 2184
447 2185
230 2186
1787 2187
1476 2188
519 2189
2059 2190
1147 2191
146 2192
710 2193
2008 2194
1042 2195
1070 2196
238 2197
1095 2198
1131 2199
1638 2200
1365 2201
707 2202
1492 2203
886 2204
1619 2205
1442 2206
1944 2207
2104 2208
1046 2209
1552 2210
1577 2211
1527 2212
242 2213
1345 2214
322 2215
2006 2216
659 2217
247 2218
1542 2219
1534 2220
1841 2221
216 2222
1428 2223
999 2224
401 2225
1896 2226
1395 2227
115 2228
807 2229
777 2230
1078 2231
2040 2232
2105 2233
2231 2234
995 2235
21 2236
2049 2237
108 2238
634 2239
737 2240
1116 2241
1824 2242
1874 2243
90 2244
463 2245
1602 2246
18 2247
1872 2248
2212 2249
2238 2250
1199 2251
895 2252
230 2253
256 2254
1903 2255
1015 2256
36 2257
1679 2258
1161 2259
588 2260
1221 2261
2093 2262
2051 2263
1789 2264
580 2265
1133 2266
174 2267
417 2268
130 2269
1550 2270
1737 2271
1242 2272
1473 2273
1862 2274
1191 2275
509 2276
559 2277
752 2278
211 2279
351 2280
1436 2281
951 2282
1011 2283
626 2284
15 2285
896 2286
698 2287
1955 2288
1856 2289
627 2290
1966 2291
796 2292
1933 2293
1959 2294
303 2295
923 2296
1125 2297
1769 2298
1953 2299
1819 2300
347 2301
1048 2302
1129 2303
531 2304
30 2305
2279 2306
1899 2307
1992 2308
2019 2309
341 2310
1876 2311
1387 2312
1057 2313
388 2314
322 2315
2058 2316
488 2317
732 2318
923 2319
1771 2320
1210 2321
2312 2322
693 2323
1312 2324
1648 2325
558 2326
159 2327
1716 2328
123 2329
149 2330
2015 2331
2224 2332
1165 2333
3 2334
635 2335
117 2336
358 2337
386 2338
125 2339
582 2340
1705 2341
573 2342
578 2343
1984 2344
378 2345
986 2346
1433 2347
688 2348
406 2349
1871 2350
2122 2351
2210 2352
629 2353
684 2354
949 2355
723 2356
1833 2357
1080 2358
473 2359
1211 2360
1144 2361
132 2362
1252 2363
1896 2364
510 2365
995 2366
932 2367
938 2368
1877 2369
1013 2370
958 2371
351 2372
2260 2373
1039 2374
1343 2375
120 2376
1066 2377
938 2378
850 2379
1226 2380
679 2381
850 2382
2067 2383
1961 2384
2054 2385
1500 2386
56 2387
939 2388
710 2389
1895 2390
2114 2391
561 2392
1111 2393
1438 2394
848 2395
1066 2396
251 2397
2138 2398
1806 2399
167 2400
2045 2401
397 2402
1069 2403
576 2404
2230 2405
473 2406
2241 2407
2188 2408
185 2409
265 2410
839 2411
1893 2412
714 2413
1358 2414
1164 2415
568 2416
1250 2417
964 2418
1437 2419
1869 2420
775 2421
1255 2422
805 2423
1748 2424
2203 2425
2032 2426
2078 2427
1095 2428
2063 2429
1287 2430
1880 2431
1663 2432
35 2433
865 2434
1529 2435
375 2436
1018 2437
786 2438
2210 2439
2087 2440
312 2441
2242 2442
2369 2443
2093 2444
1795 2445
1808 2446
402 2447
1701 2448
1340 2449
1512 2450
1490 2451
117 2452
1542 2453
1784 2454
1780 2455
1616 2456
2265 2457
1689 2458
6 2459
1176 2460
185 2461
1050 2462
123 2463
1647 2464
1567 2465
1275 2466
295 2467
780 2468
208 2469
436 2470
232 2471
134 2472
186 2473
1242 2474
1024 2475
2314 2476
1055 2477
1883 2478
663 2479
113 2480
1618 2481
359 2482
924 2483
1769 2484
11 2485
208 2486
1190 2487
1181 2488
910 2489
1961 2490
2025 2491
2169 2492
725 2493
1489 2494
948 2495
2027 2496
269 2497
1633 2498
2363 2499
1887 2500
132 2501
1124 2502
2021 2503
1702 2504
466 2505
1836 2506
1515 2507
1213 2508
1356 2509
227 2510
23 2511
2428 2512
2267 2513
758 2514
1366 2515
1665 2516
827 2517
2498 2518
319 2519
1770 2520
1282 2521
2098 2522
1517 2523
2474 2524
1075 2525
2205 2526
2205 2527
789 2528
1991 2529
2317 2530
1373 2531
653 2532
351 2533
2327 2534
2196 2535
274 2536
534 2537
994 2538
735 2539
1443 2540
2247 2541
1270 2542
1723 2543
1746 2544
2228 2545
1838 2546
1811 2547
1088 2548
1105 2549
36 2550
2003 2551
1550 2552
1289 2553
970 2554
2150 2555
667 2556
740 2557
1265 2558
2511 2559
2148 2560
1330 2561
2463 2562
2446 2563
733 2564
2291 2565
1986 2566
1251 2567
1555 2568
2011 2569
1295 2570
1910 2571
1197 2572
2131 2573
1728 2574
2410 2575
1604 2576
2292 2577
1187 2578
2150 2579
1399 2580
1906 2581
1412 2582
1642 2583
2464 2584
110 2585
1221 2586
2336 2587
611 2588
780 2589
1660 2590
1833 2591
1368 2592
2543 2593
2467 2594
1041 2595
2385 2596
1525 2597
2490 2598
1031 2599
881 2600
1849 2601
986 2602
1739 2603
1317 2604
1813 2605
1375 2606
1413 2607
466 2608
1780 2609
1095 2610
1990 2611
2570 2612
1426 2613
771 2614
2017 2615
1611 2616
2233 2617
290 2618
144 2619
229 2620
391 2621
1254 2622
742 2623
1860 2624
1835 2625
2489 2626
348 2627
1722 2628
1401 2629
2522 2630
1739 2631
533 2632
2019 2633
1357 2634
2328 2635
71 2636
1656 2637
2452 2638
946 2639
542 2640
2484 2641
856 2642
446 2643
1233 2644
381 2645
2457 2646
599 2647
1457 2648
801 2649
1001 2650
1128 2651
685 2652
2011 2653
489 2654
1113 2655
466 2656
1872 2657
2247 2658
992 2659
1791 2660
2079 2661
1001 2662
75 2663
1935 2664
388 2665
1952 2666
399 2667
2063 2668
2588 2669
1931 2670
153 2671
2636 2672
117 2673
1096 2674
149 2675
231 2676
123 2677
2567 2678
2216 2679
612 2680
987 2681
1419 2682
1137 2683
986 2684
2232 2685
1138 2686
1615 2687
1947 2688
1399 2689
2449 2690
2249 2691
175 2692
2266 2693
2354 2694
1107 2695
851 2696
2495 2697
1872 2698
1821 2699
842 2700
1463 2701
1883 2702
1591 2703
750 2704
1280 2705
1851 2706
861 2707
280 2708
249 2709
1958 2710
1598 2711
1968 2712
2357 2713
2005 2714
1926 2715
9 2716
682 2717
1063 2718
791 2719
625 2720
2644 2721
1777 2722
107 2723
47 2724
967 2725
500 2726
622 2727
370 2728
2408 2729
1585 2730
1438 2731
586 2732
1891 2733
2323 2734
1956 2735
2608 2736
1807 2737
884 2738
2211 2739
2718 2740
2458 2741
1261 2742
2452 2743
1084 2744
305 2745
2590 2746
2428 2747
552 2748
1307 2749
1048 2750
2217 2751
2207 2752
2148 2753
390 2754
736 2755
233 2756
136 2757
2251 2758
749 2759
1448 2760
2663 2761
1578 2762
2499 2763
2584 2764
986 2765
1473 2766
1161 2767
2530 2768
1987 2769
547 2770
1265 2771
341 2772
111 2773
182 2774
238 2775
1085 2776
1268 2777
829 2778
1331 2779
2434 2780
694 2781
468 2782
1123 2783
186 2784
2342 2785
1405 2786
2306 2787
2341 2788
2767 2789
1464 2790
1848 2791
1933 2792
2210 2793
2516 2794
1328 2795
1552 2796
1749 2797
2011 2798
353 2799
75 2800
2340 2801
153 2802
1176 2803
516 2804
288 2805
2002 2806
2205 2807
343 2808
1009 2809
1923 2810
1143 2811
1782 2812
76 2813
1789 2814
796 2815
1691 2816
2427 2817
1742 2818
1333 2819
1654 2820
2652 2821
2435 2822
288 2823
1242 2824
1649 2825
1036 2826
748 2827
1141 2828
402 2829
2370 2830
1655 2831
1030 2832
1638 2833
718 2834
541 2835
1430 2836
1147 2837
1237 2838
39 2839
969 2840
2420 2841
2667 2842
1433 2843
2357 2844
1114 2845
2268 2846
79 2847
2175 2848
665 2849
2473 2850
1081 2851
2147 2852
1875 2853
2431 2854
1109 2855
945 2856
2053 2857
2616 2858
491 2859
1318 2860
1649 2861
174 2862
204 2863
741 2864
317 2865
2379 2866
1944 2867
2069 2868
109 2869
2551 2870
2351 2871
238 2872
1111 2873
1306 2874
150 2875
2710 2876
2307 2877
25 2878
125 2879
505 2880
578 2881
2437 2882
401 2883
2125 2884
278 2885
1182 2886
2095 2887
1614 2888
398 2889
2877 2890
2782 2891
249 2892
2770 2893
1890 2894
571 2895
2006 2896
2693 2897
1692 2898
1702 2899
1480 2900
1187 2901
1183 2902
2880 2903
389 2904
985 2905
1393 2906
1838 2907
816 2908
2348 2909
1228 2910
1818 2911
823 2912
1810 2913
2200 2914
911 2915
2015 2916
738 2917
2442 2918
1490 2919
169 2920
881 2921
667 2922
2130 2923
1863 2924
1190 2925
783 2926
162 2927
181 2928
401 2929
364 2930
2468 2931
2252 2932
955 2933
1919 2934
2732 2935
1697 2936
881 2937
530 2938
1162 2939
622 2940
893 2941
142 2942
873 2943
318 2944
534 2945
2391 2946
410 2947
1893 2948
2848 2949
335 2950
2931 2951
2618 2952
723 2953
643 2954
1848 2955
374 2956
2313 2957
1616 2958
1004 2959
1653 2960
895 2961
83 2962
1658 2963
1392 2964
1212 2965
319 2966
2499 2967
699 2968
1725 2969
2781 2970
1766 2971
386 2972
1225 2973
362 2974
1989 2975
1871 2976
1664 2977
2692 2978
1479 2979
1414 2980
1802 2981
895 2982
2433 2983
336 2984
2805 2985
1626 2986
2651 2987
2685 2988
2116 2989
669 2990
1788 2991
1770 2992
2575 2993
2125 2994
1820 2995
2653 2996
2799 2997
1462 2998
1931 2999
2095 3000
73 3001
281 3002
2594 3003
1344 3004
1979 3005
1971 3006
1235 3007
749 3008
505 3009
500 3010
584 3011
2710 3012
1895 3013
568 3014
1951 3015
1560 3016
1868 3017
2111 3018
80 3019
935 3020
1079 3021
1205 3022
2359 3023
929 3024
3001 3025
1509 3026
1684 3027
2832 3028
2915 3029
1200 3030
435 3031
2270 3032
1070 3033
1590 3034
2956 3035
1653 3036
1151 3037
2081 3038
36 3039
2086 3040
1524 3041
3034 3042
1256 3043
1169 3044
443 3045
2391 3046
1623 3047
509 3048
1206 3049
2599 3050
992 3051
2461 3052
804 3053
847 3054
1626 3055
2949 3056
1876 3057
1243 3058
842 3059
2691 3060
1007 3061
2232 3062
1694 3063
1355 3064
1755 3065
901 3066
1751 3067
1496 3068
2239 3069
70 3070
2079 3071
209 3072
2831 3073
2288 3074
1428 3075
1191 3076
989 3077
1988 3078
302 3079
1443 3080
336 3081
332 3082
2568 3083
1429 3084
2314 3085
1515 3086
25 3087
926 3088
110 3089
43 3090
2871 3091
1207 3092
1491 3093
932 3094
903 3095
2728 3096
1457 3097
1020 3098
551 3099
2224 3100
2681 3101
2180 3102
3072 3103
2615 3104
2812 3105
2455 3106
1840 3107
2273 3108
616 3109
148 3110
2753 3111
144 3112
1215 3113
1465 3114
176 3115
2999 3116
1531 3117
1130 3118
2132 3119
1694 3120
3077 3121
886 3122
2805 3123
100 3124
1706 3125
382 3126
75 3127
2409 3128
2033 3129
1893 3130
486 3131
2502 3132
1469 3133
2720 3134
1043 3135
2408 3136
2415 3137
682 3138
741 3139
466 3140
309 3141
1257 3142
1198 3143
1724 3144
197 3145
506 3146
1088 3147
1352 3148
74 3149
712 3150
1570 3151
2352 3152
2772 3153
2453 3154
2490 3155
847 3156
200 3157
1492 3158
431 3159
1646 3160
1888 3161
185 3162
1983 3163
537 3164
2665 3165
2974 3166
565 3167
2225 3168
1209 3169
1021 3170
440 3171
2691 3172
563 3173
1960 3174
2874 3175
1307 3176
765 3177
346 3178
123 3179
1565 3180
1706 3181
701 3182
1803 3183
2541 3184
2677 3185
320 3186
890 3187
562 3188
1835 3189
3125 3190
474 3191
1481 3192
81 3193
1727 3194
2991 3195
1650 3196
465 3197
888 3198
2000 3199
170 3200
1227 3201
1061 3202
391 3203
2759 3204
3187 3205
1066 3206
1802 3207
1505 3208
2813 3209
2427 3210
2462 3211
796 3212
882 3213
50 3214
2185 3215
917 3216
2139 3217
3041 3218
86 3219
1147 3220
2007 3221
413 3222
2602 3223
2378 3224
1484 3225
2271 3226
1856 3227
2948 3228
2384 3229
909 3230
3134 3231
467 3232
1027 3233
1096 3234
1174 3235
1275 3236
3180 3237
1455 3238
1663 3239
1886 3240
2289 3241
1183 3242
18 3243
1129 3244
1943 3245
3218 3246
2715 3247
1231 3248
1195 3249
650 3250
3241 3251
1321 3252
532 3253
232 3254
733 3255
609 3256
2971 3257
435 3258
2075 3259
2139 3260
370 3261
44 3262
2001 3263
2559 3264
2655 3265
2563 3266
3198 3267
1551 3268
1829 3269
1502 3270
2786 3271
2236 3272
2343 3273
2948 3274
1498 3275
846 3276
3142 3277
877 3278
505 3279
2272 3280
2312 3281
1926 3282
2646 3283
2201 3284
122 3285
2313 3286
484 3287
1431 3288
936 3289
2856 3290
697 3291
1926 3292
2955 3293
1149 3294
26 3295
3176 3296
1242 3297
1967 3298
1396 3299
2271 3300
2780 3301
2975 3302
654 3303
1734 3304
3125 3305
1624 3306
826 3307
462 3308
1227 3309
2502 3310
2695 3311
1458 3312
2338 3313
513 3314
1438 3315
252 3316
3238 3317
2178 3318
84 3319
2281 3320
214 3321
136 3322
844 3323
491 3324
152 3325
3152 3326
530 3327
2581 3328
708 3329
2209 3330
901 3331
741 3332
2168 3333
810 3334
3307 3335
1857 3336
383 3337
2794 3338
3174 3339
34 3340
2896 3341
1754 3342
2342 3343
2649 3344
974 3345
2735 3346
3186 3347
1104 3348
1031 3349
1553 3350
795 3351
294 3352
779 3353
1482 3354
227 3355
2832 3356
1085 3357
870 3358
2995 3359
2457 3360
2542 3361
263 3362
2582 3363
2712 3364
2218 3365
1535 3366
2903 3367
2241 3368
3176 3369
1122 3370
3177 3371
2767 3372
43 3373
199 3374
773 3375
1555 3376
223 3377
1042 3378
2662 3379
890 3380
1887 3381
2550 3382
3256 3383
236 3384
2160 3385
1787 3386
442 3387
2094 3388
3207 3389
2192 3390
1819 3391
768 3392
1262 3393
1754 3394
3377 3395
3327 3396
1010 3397
2930 3398
1502 3399
3203 3400
2506 3401
771 3402
871 3403
60 3404
844 3405
1028 3406
2656 3407
1209 3408
2187 3409
1932 3410
481 3411
1752 3412
2534 3413
548 3414
959 3415
488 3416
3204 3417
1132 3418
2715 3419
1359 3420
1327 3421
858 3422
3264 3423
1761 3424
2235 3425
1521 3426
2722 3427
754 3428
1727 3429
1686 3430
3017 3431
1470 3432
613 3433
454 3434
921 3435
1386 3436
2369 3437
568 3438
2357 3439
62 3440
821 3441
2894 3442
2210 3443
2015 3444
2417 3445
2104 3446
1979 3447
339 3448
2158 3449
2005 3450
2309 3451
376 3452
2737 3453
2378 3454
2051 3455
152 3456
2409 3457
1780 3458
1992 3459
1673 3460
1327 3461
1319 3462
651 3463
2002 3464
479 3465
1974 3466
3466 3467
918 3468
1887 3469
1255 3470
3370 3471
469 3472
741 3473
3250 3474
1989 3475
2409 3476
1852 3477
2983 3478
16 3479
2368 3480
2669 3481
1550 3482
2725 3483
1125 3484
382 3485
2492 3486
3396 3487
977 3488
15 3489
1400 3490
3133 3491
2481 3492
1379 3493
1658 3494
837 3495
2909 3496
1254 3497
3282 3498
1852 3499
1702 3500
2190 3501
313 3502
2430 3503
229 3504
2105 3505
2753 3506
392 3507
2609 3508
872 3509
3380 3510
1683 3511
1702 3512
640 3513
1981 3514
2435 3515
107 3516
2089 3517
2453 3518
1313 3519
3001 3520
2375 3521
1606 3522
732 3523
1944 3524
1954 3525
715 3526
2351 3527
1778 3528
1034 3529
50 3530
1342 3531
2736 3532
1032 3533
2812 3534
308 3535
574 3536
2753 3537
645 3538
380 3539
394 3540
1457 3541
3358 3542
1712 3543
2178 3544
1697 3545
2922 3546
1735 3547
3419 3548
1623 3549
1801 3550
194 3551
2217 3552
2366 3553
1086 3554
2529 3555
2725 3556
28 3557
2604 3558
3203 3559
257 3560
2497 3561
1641 3562
3083 3563
1869 3564
1841 3565
1425 3566
1432 3567
1098 3568
906 3569
1575 3570
438 3571
260 3572
3395 3573
1412 3574
270 3575
1750 3576
2666 3577
3386 3578
318 3579
775 3580
2281 3581
3430 3582
1735 3583
2275 3584
2717 3585
15 3586
1993 3587
1159 3588
3 3589
576 3590
2701 3591
1087 3592
735 3593
1121 3594
2405 3595
2966 3596
557 3597
2837 3598
1935 3599
2252 3600
2693 3601
2694 3602
2944 3603
12 3604
2065 3605
1531 3606
204 3607
725 3608
3338 3609
3559 3610
3041 3611
2203 3612
3283 3613
35 3614
327 3615
58 3616
2104 3617
1945 3618
3258 3619
614 3620
3062 3621
2582 3622
637 3623
3451 3624
1385 3625
1818 3626
2391 3627
2803 3628
181 3629
2388 3630
840 3631
41 3632
2716 3633
2801 3634
1488 3635
988 3636
197 3637
3102 3638
1814 3639
2494 3640
3069 3641
2722 3642
2423 3643
2245 3644
3487 3645
2133 3646
2581 3647
243 3648
257 3649
2593 3650
3102 3651
1249 3652
164 3653
1507 3654
1363 3655
2548 3656
2570 3657
2357 3658
2074 3659
3212 3660
82 3661
141 3662
3630 3663
2230 3664
1962 3665
969 3666
1913 3667
2277 3668
1536 3669
1419 3670
2603 3671
2350 3672
2150 3673
325 3674
1435 3675
621 3676
813 3677
2724 3678
3639 3679
694 3680
1713 3681
1833 3682
1451 3683
1586 3684
2391 3685
743 3686
2032 3687
3093 3688
782 3689
577 3690
203 3691
207 3692
1377 3693
946 3694
1806 3695
3414 3696
40 3697
1110 3698
3404 3699
459 3700
3429 3701
3423 3702
2863 3703
1680 3704
2236 3705
1038 3706
2845 3707
2549 3708
1615 3709
714 3710
1357 3711
1763 3712
1677 3713
3498 3714
3690 3715
2555 3716
2976 3717
1243 3718
2582 3719
22 3720
242 3721
3182 3722
2141 3723
2025 3724
2303 3725
2298 3726
3528 3727
3375 3728
1157 3729
925 3730
1867 3731
294 3732
535 3733
3224 3734
2389 3735
1136 3736
3071 3737
3685 3738
2548 3739
2100 3740
3089 3741
2947 3742
1228 3743
2943 3744
988 3745
2933 3746
3656 3747
2096 3748
1086 3749
3094 3750
691 3751
513 3752
196 3753
482 3754
407 3755
1288 3756
647 3757
1249 3758
2746 3759
408 3760
3734 3761
2944 3762
105 3763
681 3764
3086 3765
1512 3766
3734 3767
1107 3768
2934 3769
3130 3770
172 3771
1413 3772
2188 3773
2804 3774
1073 3775
3506 3776
470 3777
2433 3778
1536 3779
1877 3780
2297 3781
732 3782
294 3783
331 3784
2245 3785
940 3786
194 3787
2879 3788
3457 3789
3596 3790
595 3791
1028 3792
3052 3793
3427 3794
700 3795
167 3796
3577 3797
2392 3798
3004 3799
3611 3800
1409 3801
3757 3802
2616 3803
136 3804
158 3805
404 3806
510 3807
2796 3808
3196 3809
2472 3810
3532 3811
1637 3812
1615 3813
3647 3814
1383 3815
1805 3816
872 3817
3189 3818
3158 3819
2106 3820
2904 3821
2082 3822
3146 3823
79 3824
2270 3825
127 3826
775 3827
2131 3828
49 3829
3688 3830
2665 3831
2877 3832
1749 3833
2378 3834
2372 3835
1513 3836
190 3837
3685 3838
2123 3839
1506 3840
456 3841
1306 3842
204 3843
602 3844
2845 3845
1015 3846
2744 3847
3229 3848
2166 3849
2179 3850
2428 3851
2033 3852
821 3853
900 3854
3638 3855
921 3856
3419 3857
3142 3858
3699 3859
565 3860
2204 3861
1351 3862
1701 3863
1053 3864
708 3865
2450 3866
2739 3867
2823 3868
3167 3869
3696 3870
1635 3871
3411 3872
1320 3873
1048 3874
2431 3875
2650 3876
3426 3877
3719 3878
2790 3879
3662 3880
3283 3881
3386 3882
2935 3883
3523 3884
3448 3885
1804 3886
2042 3887
896 3888
3484 3889
1158 3890
1059 3891
3354 3892
1630 3893
3701 3894
2830 3895
451 3896
1265 3897
3017 3898
2196 3899
3302 3900
1471 3901
2427 3902
3894 3903
711 3904
2746 3905
1418 3906
1360 3907
2523 3908
1308 3909
1373 3910
3401 3911
1981 3912
1364 3913
2951 3914
189 3915
675 3916
321 3917
419 3918
1050 3919
1622 3920
3571 3921
3548 3922
1778 3923
1389 3924
3213 3925
3696 3926
1545 3927
3304 3928
2208 3929
2737 3930
588 3931
301 3932
3855 3933
1489 3934
3792 3935
2704 3936
2373 3937
1479 3938
794 3939
2863 3940
1102 3941
3032 3942
2778 3943
2833 3944
177 3945
2377 3946
3572 3947
1535 3948
1228 3949
2786 3950
866 3951
1547 3952
2543 3953
2542 3954
2426 3955
1 3956
3487 3957
2062 3958
3242 3959
2059 3960
2251 3961
3493 3962
44 3963
3286 3964
767 3965
3642 3966
1871 3967
101 3968
1164 3969
2658 3970
2463 3971
1884 3972
2368 3973
1429 3974
224 3975
2266 3976
481 3977
2067 3978
2144 3979
1041 3980
3298 3981
2841 3982
1096 3983
985 3984
3895 3985
1117 3986
3172 3987
1022 3988
740 3989
1438 3990
3114 3991
2349 3992
3373 3993
1103 3994
1464 3995
2865 3996
1725 3997
578 3998
2217 3999
3340 4000
2476 4001
990 4002
3915 4003
1638 4004
2110 4005
2882 4006
3546 4007
1251 4008
1138 4009
2257 4010
3002 4011
1848 4012
771 4013
1216 4014
370 4015
2707 4016
2433 4017
3702 4018
3183 4019
552 4020
1933 4021
3828 4022
1485 4023
2722 4024
599 4025
2193 4026
971 4027
2057 4028
1992 4029
2087 4030
1511 4031
1106 4032
938 4033
1820 4034
463 4035
1384 4036
2504 4037
3590 4038
645 4039
638 4040
1190 4041
3877 4042
1112 4043
950 4044
297 4045
315 4046
182 4047
2330 4048
2480 4049
2394 4050
4027 4051
3314 4052
3206 4053
1351 4054
882 4055
2646 4056
1112 4057
1200 4058
3801 4059
817 4060
777 4061
2625 4062
356 4063
1675 4064
2799 4065
668 4066
1684 4067
1923 4068
1500 4069
3690 4070
3790 4071
2009 4072
1299 4073
3909 4074
3177 4075
3494 4076
3002 4077
596 4078
1400 4079
2173 4080
1896 4081
660 4082
1605 4083
1743 4084
2822 4085
2803 4086
864 4087
3733 4088
3942 4089
1406 4090
815 4091
3637 4092
2862 4093
1144 4094
2149 4095
348 4096
3574 4097
1115 4098
823 4099
985 4100
1102 4101
2357 4102
2157 4103
1481 4104
1491 4105
3476 4106
1027 4107
1520 4108
2821 4109
2121 4110
1245 4111
1674 4112
2002 4113
3277 4114
778 4115
2586 4116
3724 4117
3163 4118
3593 4119
3228 4120
2913 4121
2509 4122
2678 4123
2914 4124
641 4125
505 4126
2564 4127
3562 4128
262 4129
2606 4130
2778 4131
2664 4132
3448 4133
45 4134
1013 4135
2843 4136
1871 4137
2919 4138
2084 4139
3330 4140
3286 4141
36 4142
1372 4143
3444 4144
3602 4145
3140 4146
342 4147
3219 4148
604 4149
1316 4150
1770 4151
2030 4152
2350 4153
1850 4154
4059 4155
3500 4156
2751 4157
1269 4158
3784 4159
2795 4160
1848 4161
944 4162
3263 4163
3603 4164
843 4165
3304 4166
4029 4167
1068 4168
2789 4169
467 4170
3972 4171
3518 4172
3556 4173
1717 4174
2007 4175
2370 4176
910 4177
1132 4178
2207 4179
485 4180
1523 4181
3347 4182
212 4183
1421 4184
563 4185
2926 4186
1423 4187
280 4188
4030 4189
2023 4190
921 4191
97 4192
2453 4193
20 4194
1630 4195
3916 4196
1619 4197
3910 4198
3280 4199
2097 4200
2614 4201
3782 4202
3127 4203
1431 4204
3425 4205
4101 4206
2963 4207
1131 4208
2151 4209
4025 4210
2905 4211
3713 4212
4032 4213
2234 4214
316 4215
1689 4216
2626 4217
574 4218
4216 4219
1486 4220
508 4221
2518 4222
3972 4223
1029 4224
2535 4225
1855 4226
3983 4227
3786 4228
1171 4229
780 4230
2634 4231
2290 4232
1741 4233
1133 4234
789 4235
4091 4236
4048 4237
4230 4238
3449 4239
2070 4240
2139 4241
3687 4242
1061 4243
2766 4244
1158 4245
574 4246
1575 4247
1428 4248
747 4249
3621 4250
2979 4251
2933 4252
251 4253
3816 4254
1306 4255
1370 4256
3501 4257
2814 4258
3236 4259
1146 4260
2169 4261
2740 4262
670 4263
2899 4264
1520 4265
2932 4266
3246 4267
3214 4268
3045 4269
2713 4270
1683 4271
2763 4272
2900 4273
1619 4274
108 4275
1905 4276
3946 4277
3530 4278
1941 4279
1179 4280
2621 4281
2648 4282
1787 4283
4196 4284
2108 4285
4204 4286
2568 4287
2451 4288
421 4289
190 4290
1698 4291
2167 4292
2949 4293
1575 4294
3417 4295
1947 4296
2554 4297
3680 4298
2186 4299
3903 4300
3564 4301
1767 4302
2787 4303
1333 4304
1914 4305
4286 4306
578 4307
3826 4308
371 4309
2280 4310
3476 4311
1407 4312
1066 4313
1102 4314
1468 4315
2595 4316
4112 4317
2910 4318
915 4319
1993 4320
2773 4321
851 4322
2621 4323
2835 4324
1658 4325
2290 4326
3332 4327
2535 4328
2063 4329
1631 4330
3506 4331
1222 4332
1187 4333
4174 4334
3508 4335
2650 4336
1182 4337
3511 4338
2574 4339
4214 4340
3003 4341
3830 4342
2037 4343
2818 4344
1433 4345
1800 4346
1796 4347
4326 4348
3360 4349
2321 4350
619 4351
198 4352
84 4353
2534 4354
3044 4355
2955 4356
3162 4357
479 4358
1101 4359
1590 4360
684 4361
539 4362
2757 4363
1723 4364
3663 4365
1994 4366
3096 4367
1564 4368
432 4369
731 4370
3000 4371
1011 4372
1718 4373
1965 4374
2664 4375
4146 4376
4022 4377
1015 4378
2663 4379
1681 4380
3197 4381
2747 4382
55 4383
2552 4384
990 4385
2986 4386
2755 4387
754 4388
2531 4389
554 4390
3327 4391
914 4392
897 4393
4340 4394
1504 4395
95 4396
2108 4397
3213 4398
2811 4399
865 4400
3179 4401
1825 4402
3304 4403
757 4404
816 4405
1329 4406
433 4407
3007 4408
656 4409
1899 4410
2013 4411
160 4412
4160 4413
2359 4414
3592 4415
4299 4416
2739 4417
4360 4418
2320 4419
141 4420
3050 4421
3217 4422
3809 4423
2149 4424
3550 4425
3311 4426
2303 4427
2570 4428
1982 4429
3862 4430
2159 4431
3056 4432
2545 4433
2433 4434
3576 4435
2432 4436
1135 4437
2828 4438
417 4439
3782 4440
717 4441
3568 4442
2468 4443
1495 4444
2410 4445
2060 4446
1019 4447
783 4448
1688 4449
4223 4450
2039 4451
3385 4452
350 4453
1695 4454
1516 4455
2314 4456
809 4457
3200 4458
285 4459
2408 4460
3347 4461
3798 4462
739 4463
3522 4464
719 4465
1222 4466
810 4467
2877 4468
3338 4469
3258 4470
1657 4471
1253 4472
3169 4473
1103 4474
598 4475
1499 4476
3509 4477
3450 4478
3354 4479
1611 4480
1570 4481
2769 4482
1106 4483
2189 4484
3225 4485
1470 4486
2372 4487
2647 4488
1228 4489
140 4490
3932 4491
1683 4492
2053 4493
3983 4494
2708 4495
3234 4496
879 4497
2341 4498
3061 4499
3103 4500
3276 4501
2068 4502
4419 4503
3813 4504
522 4505
1378 4506
3748 4507
3863 4508
1398 4509
108 4510
2288 4511
2132 4512
3004 4513
2833 4514
447 4515
3847 4516
11 4517
794 4518
3966 4519
3736 4520
946 4521
4424 4522
1450 4523
4482 4524
2934 4525
340 4526
3488 4527
2687 4528
3281 4529
736 4530
3592 4531
1238 4532
3671 4533
3250 4534
3073 4535
1962 4536
2878 4537
1582 4538
3658 4539
3796 4540
34 4541
4064 4542
2759 4543
1133 4544
1982 4545
2113 4546
36 4547
3598 4548
1719 4549
3013 4550
2228 4551
4111 4552
2019 4553
197 4554
1811 4555
1985 4556
2649 4557
1257 4558
1613 4559
3723 4560
2069 4561
3237 4562
4258 4563
332 4564
3876 4565
2861 4566
2647 4567
2169 4568
3866 4569
413 4570
3555 4571
468 4572
2731 4573
3962 4574
4464 4575
1699 4576
4420 4577
1487 4578
1307 4579
3019 4580
2855 4581
231 4582
479 4583
3531 4584
3150 4585
3318 4586
3240 4587
3074 4588
2492 4589
386 4590
2070 4591
4538 4592
1753 4593
909 4594
1709 4595
486 4596
1390 4597
1076 4598
1459 4599
2744 4600
1613 4601
2149 4602
1212 4603
2266 4604
3742 4605
4105 4606
2990 4607
2785 4608
2998 4609
724 4610
168 4611
2777 4612
4045 4613
868 4614
4161 4615
872 4616
310 4617
3864 4618
3255 4619
3274 4620
2982 4621
2815 4622
586 4623
948 4624
1076 4625
1652 4626
2424 4627
1953 4628
260 4629
2862 4630
178 4631
972 4632
4608 4633
2162 4634
4525 4635
504 4636
1713 4637
2499 4638
805 4639
4538 4640
2008 4641
433 4642
3606 4643
434 4644
4515 4645
1036 4646
3907 4647
771 4648
509 4649
2518 4650
700 4651
975 4652
2630 4653
2782 4654
1068 4655
4189 4656
86 4657
3953 4658
1364 4659
2231 4660
1838 4661
2139 4662
3834 4663
656 4664
3277 4665
2515 4666
2580 4667
4062 4668
3090 4669
3524 4670
2369 4671
189 4672
2656 4673
2730 4674
747 4675
972 4676
3837 4677
3057 4678
4476 4679
4266 4680
200 4681
1457 4682
3155 4683
3558 4684
997 4685
1821 4686
4078 4687
702 4688
83 4689
4478 4690
3348 4691
2938 4692
2447 4693
3465 4694
618 4695
3150 4696
3479 4697
2876 4698
3361 4699
1201 4700
377 4701
2088 4702
138 4703
2313 4704
4340 4705
678 4706
1847 4707
502 4708
3013 4709
145 4710
3677 4711
1503 4712
2765 4713
581 4714
930 4715
2595 4716
1361 4717
3580 4718
1798 4719
1778 4720
3567 4721
311 4722
1636 4723
2672 4724
2032 4725
4097 4726
373 4727
2297 4728
2999 4729
508 4730
2765 4731
237 4732
1746 4733
2272 4734
4328 4735
112 4736
1712 4737
1420 4738
655 4739
4527 4740
3493 4741
1231 4742
3167 4743
554 4744
4708 4745
2857 4746
1410 4747
737 4748
4343 4749
2182 4750
1527 4751
918 4752
4642 4753
554 4754
4346 4755
3282 4756
146 4757
2213 4758
226 4759
4083 4760
3729 4761
2690 4762
4236 4763
2364 4764
4194 4765
3442 4766
4722 4767
1003 4768
4292 4769
4039 4770
1126 4771
1895 4772
4093 4773
3914 4774
843 4775
440 4776
4387 4777
257 4778
2981 4779
1813 4780
3966 4781
201 4782
2452 4783
825 4784
1647 4785
2452 4786
2514 4787
3264 4788
1094 4789
3504 4790
4609 4791
537 4792
455 4793
3818 4794
2397 4795
2326 4796
1870 4797
1895 4798
4520 4799
2200 4800
2087 4801
4226 4802
1518 4803
1297 4804
876 4805
2113 4806
3704 4807
1373 4808
4375 4809
8 4810
3685 4811
2655 4812
3662 4813
2393 4814
4054 4815
2859 4816
482 4817
2040 4818
4586 4819
4450 4820
3310 4821
1706 4822
3633 4823
4751 4824
4703 4825
1682 4826
3615 4827
2284 4828
1640 4829
4233 4830
4498 4831
3786 4832
4548 4833
4444 4834
1417 4835
3520 4836
2180 4837
1157 4838
4632 4839
771 4840
1351 4841
2722 4842
3489 4843
3046 4844
1569 4845
3377 4846
1539 4847
3172 4848
1731 4849
2505 4850
3225 4851
3118 4852
4058 4853
3239 4854
2293 4855
1274 4856
1370 4857
4369 4858
2022 4859
2271 4860
2562 4861
3105 4862
3553 4863
2345 4864
2727 4865
1162 4866
815 4867
1965 4868
4138 4869
2176 4870
1 4871
2497 4872
2952 4873
1193 4874
1991 4875
1051 4876
196 4877
1396 4878
1564 4879
2034 4880
3771 4881
2082 4882
699 4883
1463 4884
738 4885
4492 4886
3175 4887
1898 4888
4223 4889
4247 4890
1088 4891
2948 4892
1787 4893
3065 4894
3466 4895
4358 4896
2665 4897
4861 4898
74 4899
2784 4900
4564 4901
156 4902
2495 4903
1657 4904
174 4905
1851 4906
2850 4907
3313 4908
1736 4909
4689 4910
2933 4911
4066 4912
3444 4913
1495 4914
1120 4915
2612 4916
1526 4917
469 4918
2460 4919
7 4920
1886 4921
1457 4922
2988 4923
636 4924
2765 4925
1367 4926
659 4927
1070 4928
2825 4929
4256 4930
3589 4931
4468 4932
1954 4933
1968 4934
3768 4935
3555 4936
4554 4937
2534 4938
1316 4939
191 4940
2170 4941
1745 4942
1820 4943
4376 4944
2414 4945
4270 4946
2591 4947
3928 4948
2873 4949
1703 4950
3931 4951
4164 4952
809 4953
2247 4954
4446 4955
1281 4956
2382 4957
3524 4958
3375 4959
138 4960
2511 4961
2321 4962
1118 4963
332 4964
2906 4965
4730 4966
963 4967
4660 4968
4726 4969
460 4970
1667 4971
852 4972
48 4973
1296 4974
1197 4975
2896 4976
811 4977
2667 4978
4960 4979
1728 4980
4912 4981
1202 4982
3871 4983
4331 4984
4544 4985
3000 4986
2582 4987
2499 4988
3819 4989
4281 4990
2297 4991
477 4992
3995 4993
469 4994
277 4995
4234 4996
366 4997
4866 4998
1582 4999
1746 5000
3629 5001
98 5002
1051 5003
662 5004
3852 5005
4387 5006
4025 5007
1765 5008
1893 5009
2599 5010
1777 5011
350 5012
2469 5013
309 5014
3506 5015
4790 5016
4211 5017
1772 5018
1989 5019
3616 5020
3875 5021
2037 5022
167 5023
4413 5024
2510 5025
1126 5026
3445 5027
3474 5028
1114 5029
1189 5030
2569 5031
1486 5032
3378 5033
3057 5034
3291 5035
2526 5036
1027 5037
271 5038
2827 5039
3641 5040
3272 5041
2527 5042
680 5043
1317 5044
3728 5045
1806 5046
865 5047
286 5048
88 5049
1792 5050
3010 5051
2920 5052
2864 5053
4132 5054
4013 5055
3506 5056
3884 5057
2998 5058
1834 5059
5019 5060
4498 5061
3477 5062
3206 5063
1680 5064
2242 5065
4647 5066
4056 5067
1007 5068
2523 5069
1588 5070
2364 5071
3079 5072
904 5073
522 5074
1615 5075
2389 5076
3596 5077
916 5078
1382 5079
204 5080
1227 5081
4429 5082
4729 5083
3796 5084
1730 5085
2022 5086
549 5087
3085 5088
1322 5089
370 5090
4074 5091
3123 5092
3008 5093
562 5094
3728 5095
723 5096
3789 5097
3409 5098
1175 5099
4633 5100
3802 5101
4527 5102
256 5103
147 5104
3813 5105
4242 5106
502 5107
4582 5108
4770 5109
2047 5110
4389 5111
2467 5112
597 5113
171 5114
110 5115
3298 5116
414 5117
3161 5118
4785 5119
2288 5120
817 5121
4796 5122
1750 5123
2310 5124
4854 5125
4881 5126
4179 5127
1875 5128
1255 5129
1067 5130
2216 5131
3207 5132
1454 5133
1558 5134
74 5135
106 5136
2178 5137
1488 5138
403 5139
1056 5140
1124 5141
4848 5142
3778 5143
3301 5144
4848 5145
4682 5146
2222 5147
1795 5148
2334 5149
1027 5150
125 5151
3537 5152
1811 5153
820 5154
644 5155
3678 5156
2862 5157
3164 5158
4491 5159
2631 5160
1190 5161
1426 5162
2803 5163
1579 5164
1978 5165
259 5166
2454 5167
1555 5168
1234 5169
3982 5170
4735 5171
1991 5172
4328 5173
1362 5174
885 5175
1123 5176
4229 5177
4579 5178
3949 5179
3032 5180
5006 5181
2439 5182
4934 5183
4282 5184
2857 5185
1060 5186
3299 5187
4481 5188
3303 5189
3308 5190
3606 5191
4219 5192
226 5193
4529 5194
1340 5195
829 5196
787 5197
2288 5198
2845 5199
2158 5200
1604 5201
3463 5202
4472 5203
1338 5204
2470 5205
2229 5206
298 5207
4614 5208
5151 5209
1213 5210
4318 5211
3495 5212
2413 5213
326 5214
2004 5215
4765 5216
2824 5217
134 5218
864 5219
3041 5220
5134 5221
4020 5222
3691 5223
1720 5224
1753 5225
2752 5226
445 5227
634 5228
4458 5229
2276 5230
5054 5231
1409 5232
1753 5233
1743 5234
3085 5235
135 5236
10 5237
4676 5238
4856 5239
5105 5240
3868 5241
2500 5242
1627 5243
1248 5244
4302 5245
1748 5246
4161 5247
3518 5248
3450 5249
875 5250
2261 5251
2620 5252
4013 5253
3430 5254
868 5255
1130 5256
4090 5257
1356 5258
3264 5259
1166 5260
3819 5261
3798 5262
4447 5263
3582 5264
2774 5265
2183 5266
2882 5267
583 5268
4309 5269
1897 5270
222 5271
4907 5272
3076 5273
3417 5274
3484 5275
316 5276
3067 5277
4385 5278
2747 5279
2467 5280
3072 5281
467 5282
4923 5283
4289 5284
1032 5285
1911 5286
200 5287
5035 5288
943 5289
2882 5290
4848 5291
3297 5292
1828 5293
2898 5294
1026 5295
4170 5296
1320 5297
1052 5298
2452 5299
1769 5300
2390 5301
2152 5302
1108 5303
767 5304
3433 5305
2077 5306
4267 5307
3599 5308
1774 5309
1818 5310
1029 5311
811 5312
2520 5313
2872 5314
404 5315
4163 5316
561 5317
881 5318
123 5319
1468 5320
3362 5321
236 5322
4342 5323
2866 5324
3206 5325
38 5326
1604 5327
2010 5328
3220 5329
3472 5330
1417 5331
1668 5332
2793 5333
3466 5334
3575 5335
2160 5336
3866 5337
449 5338
1998 5339
4529 5340
3061 5341
154 5342
756 5343
4019 5344
3099 5345
231 5346
2592 5347
1601 5348
1354 5349
5326 5350
4734 5351
4834 5352
1619 5353
2771 5354
2992 5355
2275 5356
5287 5357
4089 5358
15 5359
3620 5360
369 5361
5274 5362
4344 5363
1796 5364
3188 5365
3050 5366
1869 5367
2644 5368
3454 5369
2274 5370
3530 5371
1171 5372
3028 5373
3535 5374
2099 5375
4080 5376
1029 5377
3414 5378
3472 5379
4822 5380
489 5381
2067 5382
1852 5383
1720 5384
3205 5385
2151 5386
5229 5387
4810 5388
3046 5389
4309 5390
4297 5391
1119 5392
1416 5393
411 5394
1253 5395
3248 5396
3012 5397
4769 5398
5002 5399
2838 5400
795 5401
4184 5402
408 5403
5123 5404
253 5405
2168 5406
5339 5407
1775 5408
4843 5409
1322 5410
1642 5411
3283 5412
371 5413
1036 5414
4457 5415
2849 5416
4373 5417
2189 5418
3590 5419
568 5420
3931 5421
616 5422
2148 5423
1331 5424
3677 5425
2401 5426
4401 5427
1584 5428
3483 5429
663 5430
2371 5431
465 5432
3603 5433
2400 5434
3992 5435
2350 5436
3477 5437
2868 5438
2295 5439
2204 5440
3473 5441
1664 5442
891 5443
1509 5444
3652 5445
3301 5446
1510 5447
3583 5448
2861 5449
4610 5450
1374 5451
2536 5452
4817 5453
1086 5454
636 5455
3672 5456
3026 5457
897 5458
571 5459
2722 5460
1449 5461
560 5462
4786 5463
3435 5464
4977 5465
1829 5466
16 5467
2296 5468
240 5469
1538 5470
66 5471
3970 5472
4465 5473
962 5474
1073 5475
5267 5476
2717 5477
5363 5478
3218 5479
2012 5480
2359 5481
5330 5482
2119 5483
935 5484
2537 5485
2932 5486
3046 5487
3356 5488
571 5489
2041 5490
4874 5491
3811 5492
1852 5493
888 5494
2851 5495
4098 5496
3822 5497
5437 5498
3921 5499
4693 5500
5328 5501
4196 5502
4807 5503
4559 5504
883 5505
823 5506
2232 5507
779 5508
1939 5509
5311 5510
1546 5511
5346 5512
123 5513
3916 5514
692 5515
4821 5516
1873 5517
2749 5518
2417 5519
2240 5520
70 5521
3961 5522
4413 5523
4448 5524
3830 5525
4285 5526
4945 5527
1074 5528
3951 5529
1722 5530
2652 5531
4158 5532
4348 5533
640 5534
2407 5535
4594 5536
5379 5537
4406 5538
5437 5539
407 5540
1545 5541
429 5542
2400 5543
613 5544
2835 5545
1698 5546
5458 5547
2081 5548
2275 5549
2542 5550
5423 5551
3942 5552
2767 5553
4586 5554
4187 5555
3881 5556
4613 5557
2860 5558
3869 5559
5192 5560
821 5561
4108 5562
5470 5563
4448 5564
129 5565
2400 5566
5101 5567
2253 5568
3913 5569
1584 5570
1837 5571
1674 5572
3982 5573
3040 5574
4720 5575
3997 5576
1395 5577
3912 5578
948 5579
600 5580
3350 5581
122 5582
2333 5583
4154 5584
446 5585
2336 5586
3831 5587
2193 5588
5197 5589
4085 5590
1779 5591
3429 5592
1626 5593
2157 5594
5056 5595
2757 5596
2969 5597
881 5598
3466 5599
909 5600
197 5601
2651 5602
5010 5603
2446 5604
2951 5605
2221 5606
2827 5607
2997 5608
4829 5609
2143 5610
732 5611
1661 5612
2391 5613
2 5614
3929 5615
2804 5616
1370 5617
4882 5618
516 5619
1716 5620
3224 5621
5488 5622
2396 5623
5003 5624
2968 5625
510 5626
3134 5627
4968 5628
3692 5629
738 5630
3875 5631
4167 5632
2214 5633
692 5634
2580 5635
1768 5636
1231 5637
1516 5638
4733 5639
135 5640
1308 5641
752 5642
3261 5643
852 5644
4607 5645
1950 5646
4008 5647
3836 5648
2861 5649
1369 5650
4749 5651
619 5652
605 5653
2906 5654
299 5655
2572 5656
678 5657
4195 5658
5651 5659
28 5660
4396 5661
3927 5662
3627 5663
2905 5664
5294 5665
5444 5666
1297 5667
4288 5668
2249 5669
5301 5670
5009 5671
3395 5672
2050 5673
2584 5674
2744 5675
5080 5676
4181 5677
2370 5678
1817 5679
174 5680
2782 5681
3540 5682
2994 5683
2064 5684
2668 5685
869 5686
4033 5687
3427 5688
4632 5689
5442 5690
1671 5691
2577 5692
3335 5693
2598 5694
2032 5695
1179 5696
4380 5697
2214 5698
2387 5699
3165 5700
2688 5701
5372 5702
2691 5703
1803 5704
4105 5705
4849 5706
4200 5707
92 5708
4312 5709
3840 5710
3669 5711
4393 5712
2644 5713
2851 5714
631 5715
5388 5716
5628 5717
5220 5718
5461 5719
4839 5720
1038 5721
1404 5722
2945 5723
833 5724
5201 5725
4163 5726
1149 5727
20 5728
4602 5729
747 5730
1803 5731
1402 5732
1519 5733
832 5734
1260 5735
5664 5736
577 5737
4800 5738
4697 5739
2342 5740
3371 5741
4539 5742
1867 5743
1545 5744
1850 5745
1881 5746
3555 5747
1834 5748
5693 5749
2544 5750
777 5751
3689 5752
1570 5753
4086 5754
1144 5755
1052 5756
4460 5757
3963 5758
23 5759
451 5760
1114 5761
5521 5762
3844 5763
2316 5764
2564 5765
172 5766
5058 5767
2126 5768
3463 5769
4890 5770
2286 5771
2023 5772
4078 5773
3536 5774
4373 5775
905 5776
5110 5777
3270 5778
4272 5779
4268 5780
5189 5781
3922 5782
3104 5783
1972 5784
2406 5785
5012 5786
4360 5787
3446 5788
1654 5789
5224 5790
4296 5791
5279 5792
475 5793
1131 5794
5712 5795
471 5796
4361 5797
5050 5798
5012 5799
5467 5800
834 5801
5794 5802
1454 5803
4613 5804
2224 5805
4429 5806
931 5807
5478 5808
1312 5809
2530 5810
2136 5811
2008 5812
784 5813
5711 5814
5759 5815
1261 5816
3355 5817
3587 5818
363 5819
1907 5820
502 5821
3421 5822
3478 5823
5381 5824
5435 5825
2350 5826
1126 5827
2513 5828
289 5829
4384 5830
5030 5831
2095 5832
2403 5833
2179 5834
2986 5835
5609 5836
3151 5837
5032 5838
5432 5839
5744 5840
4124 5841
2179 5842
1265 5843
4409 5844
1973 5845
1105 5846
451 5847
2475 5848
2038 5849
5367 5850
4886 5851
3986 5852
746 5853
5551 5854
4060 5855
565 5856
5057 5857
3150 5858
2829 5859
5757 5860
124 5861
248 5862
2964 5863
2408 5864
3045 5865
3559 5866
1966 5867
2757 5868
1524 5869
1789 5870
1900 5871
546 5872
2636 5873
3289 5874
4749 5875
5251 5876
2264 5877
1578 5878
796 5879
5400 5880
1533 5881
432 5882
2446 5883
4605 5884
1573 5885
4712 5886
3250 5887
1789 5888
3640 5889
3395 5890
5731 5891
1804 5892
3751 5893
1237 5894
4398 5895
1406 5896
3326 5897
1178 5898
3821 5899
3085 5900
1416 5901
3119 5902
2569 5903
5547 5904
2995 5905
2049 5906
3479 5907
1493 5908
2753 5909
830 5910
4372 5911
5431 5912
3431 5913
1890 5914
1756 5915
154 5916
3396 5917
4130 5918
4034 5919
4402 5920
3678 5921
4164 5922
3103 5923
555 5924
3314 5925
2943 5926
2188 5927
1511 5928
2379 5929
2310 5930
734 5931
5863 5932
1757 5933
4483 5934
1819 5935
4459 5936
3662 5937
3755 5938
1438 5939
5890 5940
3226 5941
4973 5942
1258 5943
3235 5944
858 5945
4282 5946
5399 5947
1003 5948
3010 5949
5874 5950
234 5951
1537 5952
2645 5953
411 5954
4102 5955
4034 5956
2277 5957
4355 5958
4039 5959
3177 5960
4572 5961
3758 5962
3925 5963
4671 5964
2180 5965
5691 5966
1386 5967
2108 5968
2031 5969
1994 5970
1145 5971
752 5972
701 5973
2925 5974
4302 5975
2316 5976
2131 5977
3844 5978
940 5979
125 5980
5435 5981
1810 5982
2412 5983
5391 5984
5047 5985
2746 5986
1511 5987
3629 5988
1757 5989
5829 5990
5066 5991
2636 5992
1412 5993
568 5994
1713 5995
5923 5996
1074 5997
1856 5998
5174 5999
5498 6000
1 100000000
